1 0.8638814016172507 0.5138461538461538 0.19676549865229112 0.47692307692307695
1 0.4056603773584906 0.3230769230769231 0.1266846361185984 0.3046153846153846
1 0.18867924528301888 0.2923076923076923 0.09164420485175202 0.20307692307692307
1 0.05121293800539084 0.2592307692307692 0.09164420485175202 0.18615384615384614
0 0.8557951482479785 0.12615384615384614 0.1266846361185984 0.12923076923076923
0 0.39083557951482484 0.06230769230769231 0.0646900269541779 0.05692307692307692
0 0.16442048517520216 0.12461538461538461 0.05929919137466308 0.06153846153846154
0 0.03369272237196766 0.09153846153846154 0.04043126684636119 0.047692307692307694
2 0.8517520215633424 0.21384615384615385 0.07547169811320756 0.06153846153846154
2 0.3894878706199461 0.14307692307692307 0.04043126684636119 0.055384615384615386
2 0.16711590296495957 0.18 0.03234501347708895 0.033846153846153845
2 0.03773584905660378 0.14461538461538462 0.03234501347708895 0.033846153846153845
3 0.4393530997304582 0.8161538461538461 0.03773584905660378 0.18307692307692308
3 0.37331536388140163 0.7661538461538462 0.05660377358490566 0.15076923076923077
