0 0.7657142857142857 0.08421052631578947 0.09142857142857143 0.10105263157894737
0 0.6342857142857142 0.10105263157894737 0.05714285714285714 0.05473684210526315
0 0.5214285714285715 0.23894736842105263 0.054285714285714284 0.056842105263157895
0 0.2814285714285714 0.1968421052631579 0.07142857142857142 0.06526315789473684
1 0.21571428571428572 0.37894736842105264 0.10571428571428572 0.26105263157894737
1 0.47 0.36526315789473685 0.11142857142857143 0.1831578947368421
1 0.8242857142857143 0.2789473684210526 0.15142857142857144 0.2926315789473684
1 0.6771428571428572 0.24842105263157893 0.11428571428571428 0.2189473684210526
3 0.9442857142857143 0.6747368421052632 0.07714285714285714 0.15789473684210525
3 0.83 0.751578947368421 0.06571428571428571 0.13894736842105262
3 0.6685714285714286 0.5968421052631578 0.08 0.11157894736842106
3 0.5042857142857143 0.6505263157894736 0.054285714285714284 0.08421052631578947
3 0.38 0.6505263157894736 0.06285714285714286 0.07157894736842105
