1 0.78486646884273 0.7538461538461538 0.15727002967359052 0.4492307692307692
1 0.5534124629080119 0.6892307692307692 0.1513353115727003 0.49538461538461537
1 0.35014836795252224 0.6138461538461538 0.13056379821958458 0.36923076923076925
2 0.5712166172106825 0.41846153846153844 0.05637982195845698 0.09538461538461539
2 0.7789317507418398 0.44384615384615383 0.09792284866468844 0.09384615384615384
2 0.36795252225519287 0.3776923076923077 0.05341246290801187 0.09076923076923077
2 0.1765578635014837 0.4753846153846154 0.050445103857566766 0.06769230769230769
0 0.7818991097922849 0.3007692307692308 0.11572700296735905 0.14923076923076922
0 0.35459940652818994 0.2630769230769231 0.08011869436201781 0.11384615384615385
0 0.17062314540059348 0.37461538461538463 0.0741839762611276 0.08461538461538462
