2 0.10384615384615385 0.16628175519630484 0.03230769230769231 0.04849884526558891
2 0.21961538461538463 0.2984988452655889 0.03769230769230769 0.054272517321016164
2 0.315 0.1581986143187067 0.03307692307692308 0.04849884526558891
2 0.5184615384615384 0.13279445727482678 0.03692307692307692 0.046189376443418015
0 0.10346153846153847 0.11027713625866051 0.06692307692307692 0.07043879907621246
0 0.33076923076923076 0.11720554272517321 0.06461538461538462 0.06581986143187067
0 0.5234615384615384 0.07274826789838337 0.07153846153846154 0.057736720554272515
1 0.08730769230769231 0.2806004618937644 0.09 0.16859122401847576
1 0.21192307692307694 0.4284064665127021 0.10230769230769231 0.19861431870669746
1 0.5223076923076924 0.2569284064665127 0.10615384615384615 0.21593533487297922
