0 0.9252525252525252 0.2931760741364785 0.06868686868686869 0.13310867733782644
0 0.7717171717171717 0.18534119629317605 0.06464646464646465 0.10951979780960404
0 0.6121212121212121 0.15037910699241785 0.06868686868686869 0.10699241786015164
0 0.42828282828282827 0.33235046335299073 0.06868686868686869 0.14237573715248525
0 0.2545454545454545 0.19797809604043806 0.06868686868686869 0.10446503791069923
0 0.08484848484848485 0.07877000842459983 0.06464646464646465 0.10867733782645324
2 0.9181818181818182 0.4001684919966301 0.050505050505050504 0.08256107834877843
2 0.7717171717171717 0.3104465037910699 0.048484848484848485 0.07497893850042123
2 0.6070707070707071 0.2801179443976411 0.05454545454545454 0.09182813816343723
2 0.4262626262626263 0.43218197135636055 0.044444444444444446 0.07413647851727043
2 0.25555555555555554 0.33235046335299073 0.050505050505050504 0.08845829823083404
2 0.07878787878787878 0.19208087615838246 0.05656565656565657 0.10278011794439763
1 0.2585858585858586 0.4806234203875316 0.12121212121212122 0.19292333614153326
1 0.9242424242424242 0.5109519797809604 0.13131313131313133 0.13226621735467564
1 0.42828282828282827 0.5332771693344566 0.12525252525252525 0.08761583824768324
1 0.7656565656565657 0.4734625105307498 0.12525252525252525 0.20724515585509687
