0 0.59296875 0.36835844567803333 0.07135416666666666 0.07850911974623315
0 0.8033854166666666 0.7053925455987312 0.07552083333333333 0.07375099127676447
0 0.35651041666666666 0.3937351308485329 0.0421875 0.04837430610626487
0 0.2953125 0.38461538461538464 0.04583333333333333 0.047581284694686754
0 0.15442708333333333 0.5416336241078509 0.0390625 0.041237113402061855
0 0.06796875 0.4417129262490087 0.03697916666666667 0.045995241871530534
1 0.5549479166666667 0.5555114988104679 0.10989583333333333 0.23394131641554322
1 0.76328125 0.8394131641554322 0.13802083333333334 0.17842981760507534
1 0.2908854166666667 0.4984139571768438 0.06927083333333334 0.1371927042030135
1 0.3609375 0.5011895321173672 0.058333333333333334 0.13005551149881048
1 0.12890625 0.6439333862014275 0.07864583333333333 0.15543219666931007
1 0.0609375 0.5511498810467883 0.06145833333333333 0.13639968279143536
2 0.8072916666666666 0.7656621728786678 0.03854166666666667 0.0626486915146709
2 0.5958333333333333 0.42585249801744646 0.036458333333333336 0.06661379857256146
2 0.30416666666666664 0.4254559873116574 0.025 0.03409992069785884
2 0.34479166666666666 0.43338620142743856 0.021875 0.03251387787470262
2 0.06640625 0.4766058683584457 0.028645833333333332 0.02696272799365583
3 0.55546875 0.9567803330689929 0.058854166666666666 0.06582077716098335
3 0.3703125 0.7668517049960349 0.06979166666666667 0.03330689928628073
