0 0.8115942028985508 0.20306122448979594 0.06159420289855073 0.06938775510204082
0 0.7047101449275363 0.23520408163265308 0.06159420289855073 0.08061224489795919
0 0.6539855072463768 0.16938775510204082 0.050724637681159424 0.06326530612244899
0 0.5969202898550725 0.2229591836734694 0.06340579710144928 0.07448979591836735
0 0.5697463768115942 0.28979591836734697 0.059782608695652176 0.0653061224489796
0 0.453804347826087 0.25 0.059782608695652176 0.0673469387755102
0 0.42481884057971014 0.19540816326530613 0.05615942028985507 0.0663265306122449
0 0.27355072463768115 0.29438775510204085 0.07608695652173914 0.08469387755102041
0 0.31431159420289856 0.213265306122449 0.05615942028985507 0.06326530612244899
0 0.20108695652173914 0.20714285714285716 0.06884057971014493 0.07959183673469389
1 0.8016304347826088 0.4209183673469388 0.09601449275362318 0.2581632653061225
1 0.7001811594202899 0.47040816326530616 0.10326086956521739 0.28979591836734697
1 0.5679347826086957 0.5346938775510205 0.1141304347826087 0.26734693877551025
1 0.463768115942029 0.47295918367346945 0.10144927536231885 0.2602040816326531
1 0.27717391304347827 0.5418367346938776 0.13768115942028986 0.3122448979591837
1 0.1847826086956522 0.40816326530612246 0.10507246376811594 0.22040816326530616
2 0.5661231884057971 0.37244897959183676 0.03804347826086957 0.05102040816326531
2 0.7038043478260869 0.30714285714285716 0.041666666666666664 0.05918367346938776
2 0.8079710144927537 0.2642857142857143 0.036231884057971016 0.0489795918367347
2 0.46105072463768115 0.32551020408163267 0.034420289855072464 0.05714285714285715
2 0.6557971014492754 0.238265306122449 0.043478260869565216 0.05
2 0.5942028985507246 0.2785714285714286 0.03985507246376812 0.03877551020408164
2 0.2798913043478261 0.376530612244898 0.04891304347826087 0.05714285714285715
2 0.19655797101449277 0.28010204081632656 0.04528985507246377 0.05816326530612245
2 0.3197463768115942 0.28775510204081634 0.034420289855072464 0.05510204081632654
2 0.42481884057971014 0.2525510204081633 0.034420289855072464 0.04183673469387755
