0 0.8711538461538462 0.21025641025641026 0.08461538461538462 0.07948717948717948
0 0.6865384615384615 0.19230769230769232 0.07307692307692308 0.07179487179487179
0 0.75 0.19166666666666668 0.057692307692307696 0.06538461538461539
0 0.5442307692307693 0.16025641025641027 0.06923076923076923 0.11794871794871795
0 0.47500000000000003 0.18076923076923077 0.057692307692307696 0.07948717948717948
0 0.2403846153846154 0.20833333333333334 0.09615384615384616 0.08333333333333333
0 0.3076923076923077 0.1794871794871795 0.06923076923076923 0.08461538461538462
1 0.18846153846153846 0.5538461538461539 0.24230769230769234 0.4205128205128205
1 0.4480769230769231 0.4666666666666667 0.15000000000000002 0.3128205128205128
1 0.5615384615384615 0.4025641025641026 0.11538461538461539 0.21025641025641026
3 0.5750000000000001 0.8301282051282052 0.05384615384615385 0.09102564102564102
3 0.5019230769230769 0.8301282051282052 0.05 0.09358974358974359
3 0.6480769230769231 0.8403846153846154 0.057692307692307696 0.07564102564102564
3 0.6942307692307693 0.8544871794871794 0.038461538461538464 0.047435897435897434
