0 0.768324607329843 0.1474609375 0.07068062827225131 0.072265625
0 0.5654450261780105 0.1416015625 0.07329842931937174 0.068359375
0 0.4005235602094241 0.177734375 0.06282722513089006 0.06640625
0 0.19895287958115185 0.11328125 0.07329842931937174 0.06640625
1 0.18455497382198954 0.3037109375 0.1387434554973822 0.248046875
1 0.39267015706806285 0.3779296875 0.13612565445026178 0.287109375
1 0.5693717277486912 0.3447265625 0.11256544502617802 0.216796875
1 0.774869109947644 0.359375 0.12565445026178013 0.2265625
3 0.8062827225130891 0.828125 0.041884816753926704 0.09765625
3 0.743455497382199 0.7314453125 0.041884816753926704 0.099609375
3 0.6086387434554974 0.7880859375 0.07068062827225131 0.095703125
3 0.4986910994764398 0.7314453125 0.07068062827225131 0.056640625
3 0.4293193717277487 0.7890625 0.06282722513089006 0.0703125
3 0.31151832460732987 0.8115234375 0.041884816753926704 0.076171875
3 0.13089005235602094 0.822265625 0.05759162303664922 0.09765625
3 0.19633507853403143 0.7890625 0.07329842931937174 0.08984375
