1 0.10860655737704919 0.39919354838709675 0.1762295081967213 0.30806451612903224
1 0.24385245901639346 0.47580645161290325 0.13524590163934427 0.25483870967741934
1 0.3442622950819672 0.4645161290322581 0.10245901639344263 0.1967741935483871
1 0.46618852459016397 0.5 0.10860655737704919 0.17419354838709677
1 0.5655737704918034 0.510483870967742 0.06147540983606558 0.16612903225806452
1 0.7899590163934427 0.3967741935483871 0.1905737704918033 0.27741935483870966
1 0.9057377049180328 0.4491935483870968 0.1434426229508197 0.20483870967741935
1 0.6618852459016393 0.49032258064516127 0.09426229508196722 0.16774193548387098
0 0.10040983606557377 0.15403225806451612 0.11065573770491804 0.10161290322580645
0 0.2510245901639344 0.25806451612903225 0.09631147540983608 0.0935483870967742
0 0.35963114754098363 0.3040322580645161 0.059426229508196725 0.06290322580645161
0 0.4702868852459017 0.3596774193548387 0.06352459016393443 0.06451612903225806
0 0.4159836065573771 0.38387096774193546 0.04918032786885246 0.035483870967741936
0 0.5655737704918034 0.36451612903225805 0.045081967213114756 0.03870967741935484
0 0.7817622950819673 0.16612903225806452 0.1209016393442623 0.08387096774193549
0 0.9067622950819673 0.267741935483871 0.05532786885245902 0.04516129032258064
3 0.6229508196721312 0.8112903225806452 0.06147540983606558 0.0935483870967742
3 0.6711065573770492 0.8201612903225807 0.04713114754098361 0.08548387096774193
1 0.05122950819672131 0.40403225806451615 0.09016393442622951 0.2693548387096774
0 0.04405737704918033 0.17580645161290323 0.08401639344262296 0.06129032258064516
