1 0.7954545454545454 0.4111328125 0.13636363636363635 0.212890625
1 0.6287878787878788 0.4306640625 0.1303030303030303 0.244140625
1 0.4666666666666667 0.4873046875 0.13333333333333333 0.244140625
1 0.2318181818181818 0.5048828125 0.10606060606060606 0.220703125
1 0.3924242424242424 0.4677734375 0.11212121212121212 0.216796875
3 0.4984848484848485 0.892578125 0.03939393939393939 0.16796875
3 0.4590909090909091 0.888671875 0.05757575757575758 0.16015625
0 0.6181818181818182 0.2197265625 0.06666666666666667 0.064453125
0 0.44696969696969696 0.2763671875 0.06363636363636363 0.060546875
0 0.3878787878787879 0.26171875 0.06060606060606061 0.0546875
0 0.21818181818181817 0.318359375 0.06060606060606061 0.0703125
