0 0.5775862068965517 0.2911290322580645 0.06896551724137931 0.07903225806451612
0 0.5668103448275862 0.19919354838709677 0.05603448275862069 0.05
0 0.4849137931034483 0.2161290322580645 0.06465517241379311 0.05806451612903226
0 0.3642241379310345 0.2153225806451613 0.07758620689655173 0.06612903225806452
0 0.2209051724137931 0.1693548387096774 0.07974137931034482 0.06451612903225806
0 0.697198275862069 0.17419354838709677 0.023706896551724137 0.01935483870967742
1 0.20797413793103448 0.4459677419354839 0.16594827586206895 0.3370967741935484
1 0.36853448275862066 0.43548387096774194 0.12931034482758622 0.27741935483870966
1 0.6756465517241379 0.5241935483870968 0.20474137931034483 0.34838709677419355
1 0.4795258620689655 0.39919354838709675 0.1314655172413793 0.23709677419354838
1 0.7478448275862069 0.2814516129032258 0.04310344827586207 0.11129032258064517
1 0.6961206896551724 0.23387096774193547 0.03879310344827586 0.06774193548387097
2 0.2209051724137931 0.27661290322580645 0.05387931034482758 0.056451612903225805
2 0.36745689655172414 0.2862903225806452 0.04525862068965517 0.037096774193548385
2 0.5635775862068966 0.2532258064516129 0.036637931034482756 0.02903225806451613
2 0.6982758620689655 0.18870967741935485 0.01293103448275862 0.012903225806451613
2 0.7359913793103449 0.20967741935483872 0.015086206896551723 0.016129032258064516
