0 0.4448897795591182 0.2222222222222222 0.19639278557114226 0.15015015015015015
0 0.2855711422845691 0.39789789789789787 0.20240480961923846 0.23123123123123124
0 0.12124248496993988 0.08558558558558559 0.23046092184368736 0.14714714714714713
0 0.5601202404809619 0.34384384384384387 0.10220440881763526 0.15315315315315314
0 0.6352705410821643 0.481981981981982 0.12424849699398796 0.08708708708708708
1 0.33266533066132264 0.7942942942942943 0.26452905811623245 0.40540540540540543
1 0.5601202404809619 0.7852852852852853 0.13026052104208416 0.42342342342342343
1 0.6392785571142284 0.8378378378378378 0.12424849699398796 0.3303303303303303
1 0.12124248496993988 0.6861861861861862 0.22645290581162322 0.6096096096096096
2 0.0971943887775551 0.26426426426426425 0.16633266533066132 0.21621621621621623
2 0.32665330661322645 0.5285285285285285 0.1282565130260521 0.15615615615615616
2 0.45891783567134264 0.37987987987987987 0.11222444889779558 0.14714714714714713
2 0.5470941883767535 0.4894894894894895 0.08016032064128256 0.11411411411411411
2 0.6222444889779558 0.6171171171171171 0.07414829659318636 0.11711711711711711
