0 0.12613636363636363 0.06363636363636363 0.03409090909090909 0.03636363636363636
0 0.47613636363636364 0.25227272727272726 0.04318181818181818 0.04090909090909091
0 0.8363636363636363 0.5204545454545455 0.031818181818181815 0.03787878787878788
0 0.9897727272727272 0.5424242424242425 0.024999999999999998 0.03939393939393939
0 0.5795454545454545 0.6787878787878788 0.045454545454545456 0.04242424242424243
0 0.4829545454545454 0.6863636363636364 0.03409090909090909 0.06060606060606061
0 0.6011363636363636 0.5909090909090909 0.020454545454545454 0.030303030303030304
0 0.6318181818181818 0.5840909090909091 0.022727272727272728 0.04090909090909091
0 0.11136363636363636 0.503030303030303 0.045454545454545456 0.03939393939393939
1 0.8431818181818181 0.6143939393939394 0.05454545454545454 0.11666666666666667
1 0.5988636363636364 0.806060606060606 0.08409090909090909 0.1303030303030303
1 0.5170454545454545 0.7643939393939394 0.06136363636363636 0.1318181818181818
1 0.6272727272727272 0.6613636363636364 0.049999999999999996 0.09848484848484848
1 0.14431818181818182 0.17196969696969697 0.0659090909090909 0.13787878787878788
1 0.4886363636363636 0.3393939393939394 0.07272727272727272 0.10909090909090909
1 0.42386363636363633 0.7924242424242425 0.04772727272727272 0.1393939393939394
1 0.01818181818181818 0.75 0.03636363636363636 0.14242424242424243
