0 0.7366589327146171 0.6807692307692308 0.12296983758700696 0.09692307692307692
0 0.6948955916473317 0.20384615384615384 0.09976798143851508 0.10307692307692308
0 0.18793503480278423 0.1346153846153846 0.14385150812064965 0.13384615384615384
0 0.2668213457076566 0.12153846153846154 0.10672853828306264 0.13538461538461538
0 0.30162412993039445 0.25 0.10208816705336426 0.12461538461538461
0 0.537122969837587 0.22692307692307692 0.03480278422273782 0.03538461538461538
0 0.46403712296983757 0.5607692307692308 0.07888631090487239 0.13384615384615384
1 0.14269141531322505 0.5192307692307693 0.17865429234338748 0.5030769230769231
1 0.8167053364269141 0.8892307692307693 0.2088167053364269 0.22153846153846155
1 0.7250580046403712 0.49230769230769234 0.15081206496519722 0.3569230769230769
1 0.5498839907192575 0.3346153846153846 0.05568445475638051 0.12461538461538461
1 0.19605568445475638 0.4346153846153846 0.14617169373549882 0.38
1 0.29350348027842227 0.43846153846153846 0.10904872389791183 0.1753846153846154
