1 0.8199121522693997 0.4130859375 0.06149341142020498 0.13671875
1 0.6127379209370425 0.4345703125 0.0746705710102489 0.15625
1 0.44216691068814057 0.5166015625 0.07906295754026355 0.146484375
1 0.17715959004392387 0.4091796875 0.07027818448023426 0.16015625
1 0.2745241581259151 0.21875 0.0746705710102489 0.12890625
0 0.7994143484626648 0.29833984375 0.04685212298682284 0.0517578125
0 0.6383601756954612 0.3408203125 0.043923865300146414 0.052734375
0 0.4641288433382138 0.41064453125 0.040995607613469986 0.0498046875
0 0.19546120058565153 0.29248046875 0.03953147877013177 0.0498046875
2 0.2796486090775988 0.14892578125 0.029282576866764276 0.0224609375
