0 0.9748062015503876 0.5539999999999999 0.050387596899224806 0.06799999999999999
0 0.7160852713178294 0.4066666666666667 0.06007751937984496 0.09333333333333332
0 0.7974806201550387 0.24066666666666667 0.06782945736434108 0.06533333333333333
0 0.9709302325581395 0.25 0.05426356589147287 0.05733333333333333
0 0.9079457364341085 0.19266666666666665 0.0755813953488372 0.06266666666666666
0 0.8410852713178294 0.204 0.07364341085271317 0.07733333333333334
0 0.7257751937984496 0.22266666666666665 0.06395348837209303 0.06133333333333333
0 0.03391472868217054 0.7193333333333333 0.06782945736434108 0.08933333333333333
0 0.07848837209302326 0.3486666666666667 0.09496124031007752 0.10533333333333333
0 0.3798449612403101 0.11333333333333333 0.06201550387596899 0.05333333333333333
0 0.32945736434108525 0.14866666666666667 0.06201550387596899 0.04666666666666666
