2 0.664983164983165 0.7176470588235294 0.0707070707070707 0.1764705882352941
2 0.4797979797979798 0.36176470588235293 0.10437710437710437 0.1588235294117647
2 0.5067340067340067 0.4235294117647059 0.003367003367003367 0.03529411764705882
2 0.5572390572390572 0.5029411764705882 0.11784511784511784 0.1588235294117647
2 0.2962962962962963 0.5735294117647058 0.13468013468013468 0.21764705882352942
2 0.050505050505050504 0.20294117647058824 0.09427609427609428 0.22941176470588234
1 0.6599326599326599 0.8941176470588235 0.16835016835016833 0.24705882352941178
1 0.2895622895622896 0.8529411764705882 0.2558922558922559 0.3058823529411765
1 0.07744107744107744 0.6794117647058824 0.14814814814814814 0.4764705882352941
0 0.43265993265993263 0.11470588235294117 0.21885521885521886 0.18235294117647058
0 0.22895622895622894 0.37941176470588234 0.23569023569023567 0.38235294117647056
0 0.6531986531986532 0.47941176470588237 0.1616161616161616 0.18235294117647058
