3 0.20754716981132076 0.8364779874213837 0.08805031446540881 0.13836477987421383
3 0.11320754716981132 0.8081761006289309 0.06918238993710692 0.1320754716981132
2 0.14150943396226415 0.19811320754716982 0.06289308176100629 0.09433962264150944
2 0.5047169811320755 0.619496855345912 0.03459119496855346 0.05660377358490566
2 0.9371069182389937 0.5220125786163522 0.031446540880503145 0.050314465408805034
0 0.5172955974842768 0.5220125786163522 0.07861635220125787 0.10062893081761007
0 0.12578616352201258 0.0849056603773585 0.09433962264150944 0.06918238993710692
0 0.9386792452830189 0.4371069182389937 0.0660377358490566 0.05660377358490566
0 0.8317610062893083 0.3867924528301887 0.04088050314465409 0.06918238993710692
1 0.1289308176100629 0.3679245283018868 0.11949685534591195 0.33333333333333337
1 0.589622641509434 0.789308176100629 0.14150943396226415 0.3459119496855346
1 0.8867924528301887 0.6320754716981133 0.09433962264150944 0.2578616352201258
1 0.8128930817610064 0.5408805031446541 0.059748427672955975 0.15094339622641512
