2 0.13090909090909092 0.3743169398907104 0.2109090909090909 0.2568306010928962
2 0.45636363636363636 0.5819672131147541 0.16363636363636364 0.15846994535519127
2 0.6418181818181818 0.2923497267759563 0.16363636363636364 0.16939890710382513
2 0.7563636363636363 0.3524590163934426 0.10909090909090909 0.14754098360655737
2 0.8818181818181818 0.46994535519125685 0.11272727272727273 0.1092896174863388
0 0.8909090909090909 0.273224043715847 0.13090909090909092 0.1092896174863388
0 0.6290909090909091 0.08196721311475409 0.2109090909090909 0.1092896174863388
0 0.7654545454545455 0.14754098360655737 0.12 0.20765027322404372
1 0.1690909090909091 0.7841530054644809 0.3236363636363636 0.4426229508196721
1 0.4672727272727273 0.819672131147541 0.26545454545454544 0.37158469945355194
1 0.7636363636363637 0.7868852459016393 0.13818181818181818 0.45901639344262296
1 0.8781818181818182 0.7650273224043715 0.20727272727272728 0.45901639344262296
0 0.13272727272727272 0.10109289617486339 0.26545454545454544 0.15846994535519127
