2 0.2893772893772894 0.15217391304347827 0.05128205128205128 0.05434782608695652
2 0.8076923076923077 0.15760869565217392 0.047619047619047616 0.05434782608695652
0 0.8241758241758241 0.0733695652173913 0.10256410256410256 0.09239130434782608
0 0.28205128205128205 0.07880434782608696 0.05860805860805861 0.07065217391304347
0 0.6868131868131868 0.10054347826086957 0.047619047619047616 0.048913043478260865
1 0.8553113553113553 0.33967391304347827 0.17216117216117216 0.3532608695652174
1 0.2893772893772894 0.2907608695652174 0.1391941391941392 0.266304347826087
1 0.6904761904761905 0.2418478260869565 0.0989010989010989 0.1793478260869565
1 0.16666666666666666 0.39945652173913043 0.07692307692307693 0.09239130434782608
3 0.86996336996337 0.7364130434782609 0.054945054945054944 0.1793478260869565
3 0.7802197802197802 0.6657608695652174 0.04395604395604395 0.1467391304347826
3 0.3241758241758242 0.6168478260869565 0.11355311355311355 0.1467391304347826
3 0.6593406593406593 0.49728260869565216 0.10256410256410256 0.125
