2 0.08045977011494253 0.19655172413793104 0.05747126436781609 0.11724137931034483
2 0.25287356321839083 0.32413793103448274 0.06896551724137931 0.12413793103448276
2 0.4267241379310345 0.4275862068965517 0.048850574712643674 0.08275862068965517
2 0.610632183908046 0.2793103448275862 0.05459770114942529 0.11724137931034483
2 0.7701149425287356 0.3103448275862069 0.05747126436781609 0.09655172413793103
2 0.9295977011494253 0.4 0.06034482758620689 0.06896551724137931
1 0.9209770114942528 0.6724137931034483 0.12931034482758622 0.503448275862069
1 0.7787356321839081 0.6068965517241379 0.14942528735632182 0.496551724137931
1 0.4339080459770115 0.7 0.15517241379310345 0.4482758620689655
1 0.2614942528735632 0.603448275862069 0.12068965517241378 0.4206896551724138
0 0.07758620689655173 0.0793103448275862 0.06896551724137931 0.0896551724137931
0 0.25287356321839083 0.20689655172413793 0.07471264367816091 0.1103448275862069
0 0.4281609195402299 0.3103448275862069 0.07471264367816091 0.12413793103448276
0 0.6149425287356322 0.1482758620689655 0.07471264367816091 0.13103448275862067
0 0.7729885057471264 0.1586206896551724 0.07471264367816091 0.13793103448275862
0 0.9324712643678161 0.2793103448275862 0.06609195402298851 0.10344827586206896
