2 0.7933333333333333 0.68375 0.06666666666666667 0.0625
2 0.6983333333333334 0.47125 0.05 0.0575
0 0.7966666666666667 0.525 0.14 0.14
0 0.7000000000000001 0.34750000000000003 0.10666666666666667 0.09
0 0.545 0.23875000000000002 0.05666666666666667 0.0675
0 0.4633333333333334 0.22875 0.05333333333333334 0.0525
0 0.26166666666666666 0.23750000000000002 0.06333333333333334 0.045
1 0.7350000000000001 0.7775 0.25 0.33
1 0.27 0.39875 0.09333333333333334 0.20750000000000002
1 0.7116666666666667 0.55 0.11666666666666667 0.24
