0 0.11666666666666667 0.23511904761904762 0.08666666666666667 0.07738095238095238
0 0.2916666666666667 0.31547619047619047 0.07 0.05952380952380952
0 0.6116666666666667 0.2708333333333333 0.07666666666666667 0.06547619047619047
0 0.755 0.3214285714285714 0.07 0.05952380952380952
0 0.8983333333333334 0.369047619047619 0.07666666666666667 0.047619047619047616
2 0.11833333333333335 0.3214285714285714 0.05 0.07142857142857142
2 0.2866666666666667 0.40178571428571425 0.060000000000000005 0.06547619047619047
2 0.45 0.47023809523809523 0.05333333333333334 0.047619047619047616
2 0.6166666666666667 0.3720238095238095 0.04666666666666667 0.05357142857142857
2 0.7616666666666667 0.41369047619047616 0.043333333333333335 0.05357142857142857
2 0.9033333333333334 0.4583333333333333 0.060000000000000005 0.05952380952380952
1 0.2866666666666667 0.5892857142857143 0.12000000000000001 0.25
1 0.4516666666666667 0.6517857142857143 0.12333333333333334 0.25595238095238093
1 0.765 0.5892857142857143 0.11 0.25
1 0.91 0.6577380952380952 0.13333333333333333 0.25595238095238093
