0 0.14150943396226415 0.11635220125786164 0.17610062893081763 0.22012578616352202
0 0.2908805031446541 0.21069182389937108 0.09748427672955975 0.1320754716981132
0 0.5628930817610063 0.29874213836477986 0.14465408805031446 0.20754716981132076
0 0.9465408805031447 0.7861635220125787 0.11949685534591195 0.2389937106918239
2 0.31918238993710696 0.3427672955974843 0.07232704402515723 0.1069182389937107
2 0.5235849056603774 0.4937106918238994 0.059748427672955975 0.1320754716981132
2 0.9245283018867925 0.39937106918238996 0.08176100628930819 0.14465408805031446
1 0.15723270440251574 0.669811320754717 0.23270440251572327 0.6226415094339623
1 0.31603773584905664 0.5440251572327044 0.16037735849056606 0.4339622641509434
1 0.5770440251572327 0.7704402515723271 0.18553459119496857 0.4088050314465409
1 0.6352201257861636 0.46855345911949686 0.06918238993710692 0.23270440251572327
1 0.9229559748427674 0.7169811320754718 0.14779874213836477 0.5157232704402516
