0 0.8836265223274696 0.5168674698795181 0.03247631935047361 0.04096385542168675
0 0.7253044654939107 0.4771084337349398 0.024357239512855212 0.028915662650602414
0 0.5818673883626523 0.5060240963855422 0.024357239512855212 0.028915662650602414
0 0.476319350473613 0.5060240963855422 0.02165087956698241 0.033734939759036145
0 0.4093369418132612 0.5216867469879518 0.031123139377537214 0.03132530120481928
0 0.2584573748308525 0.5253012048192771 0.029769959404600813 0.024096385542168676
0 0.14749661705006767 0.5578313253012048 0.024357239512855212 0.026506024096385545
0 0.12043301759133966 0.2385542168674699 0.013531799729364007 0.01927710843373494
0 0.15967523680649529 0.28554216867469884 0.010825439783491205 0.012048192771084338
1 0.14343707713125847 0.6289156626506025 0.04330175913396482 0.09156626506024097
1 0.2543978349120433 0.6409638554216868 0.037889039242219216 0.12048192771084339
1 0.4073071718538566 0.6228915662650603 0.05412719891745603 0.12289156626506025
1 0.48105548037889045 0.5843373493975904 0.03924221921515562 0.09397590361445785
1 0.5791610284167795 0.5963855421686748 0.04059539918809202 0.09879518072289158
1 0.7266576454668472 0.5650602409638554 0.04059539918809202 0.09397590361445785
1 0.8971583220568337 0.6566265060240964 0.06224627875507443 0.1807228915662651
3 0.12990527740189445 0.7987951807228917 0.05142083897158323 0.03132530120481928
3 0.23748308525033832 0.8518072289156627 0.05548037889039242 0.055421686746987955
3 0.3903924221921516 0.8361445783132531 0.06089309878213803 0.04819277108433735
3 0.48985115020297704 0.7349397590361446 0.048714479025710425 0.04819277108433735
3 0.5832205683355887 0.7807228915662652 0.037889039242219216 0.04819277108433735
3 0.7056833558863329 0.7457831325301205 0.06089309878213803 0.050602409638554224
3 0.871447902571042 0.8650602409638555 0.06224627875507443 0.06746987951807229
