0 0.25833333333333336 0.24644549763033177 0.14666666666666667 0.13270142180094788
0 0.38333333333333336 0.29857819905213273 0.07 0.08530805687203792
0 0.6191666666666668 0.35071090047393366 0.14166666666666666 0.1137440758293839
0 0.9483333333333334 0.6706161137440759 0.09666666666666668 0.14691943127962087
1 0.2625 0.6066350710900474 0.19833333333333333 0.4360189573459716
1 0.4 0.5154028436018958 0.13333333333333333 0.28672985781990523
1 0.6391666666666667 0.7523696682464456 0.18833333333333335 0.4431279620853081
1 0.9316666666666668 0.6504739336492892 0.14 0.4289099526066351
2 0.39666666666666667 0.3779620853080569 0.05 0.04976303317535545
2 0.5908333333333333 0.4668246445497631 0.065 0.08530805687203792
2 0.9400000000000001 0.4099526066350711 0.06666666666666667 0.08530805687203792
