1 0.15272727272727274 0.773224043715847 0.29818181818181816 0.4426229508196721
1 0.45454545454545453 0.8579234972677595 0.2545454545454545 0.32786885245901637
1 0.7709090909090909 0.7814207650273224 0.10181818181818182 0.44808743169398907
1 0.8745454545454545 0.7759562841530054 0.19272727272727272 0.4371584699453552
2 0.12727272727272726 0.3770491803278688 0.19636363636363635 0.25136612021857924
2 0.46 0.5819672131147541 0.14909090909090908 0.18032786885245902
2 0.6363636363636364 0.28415300546448086 0.11636363636363636 0.17486338797814208
2 0.7490909090909091 0.36065573770491804 0.08 0.14207650273224043
2 0.8909090909090909 0.4726775956284153 0.11636363636363636 0.09289617486338798
0 0.13090909090909092 0.09016393442622951 0.24727272727272728 0.18032786885245902
0 0.43454545454545457 0.36885245901639346 0.2290909090909091 0.3005464480874317
0 0.6236363636363637 0.08743169398907104 0.1781818181818182 0.16393442622950818
0 0.7672727272727272 0.1557377049180328 0.11636363636363636 0.20218579234972678
0 0.8818181818181818 0.28688524590163933 0.12 0.1366120218579235
