0 0.3704545454545455 0.12427745664739884 0.06212121212121212 0.07514450867052022
0 0.4492424242424242 0.12427745664739884 0.05909090909090909 0.07514450867052022
0 0.5409090909090909 0.0968208092485549 0.051515151515151514 0.06647398843930635
0 0.634090909090909 0.15028901734104044 0.05606060606060606 0.08092485549132948
1 0.3477272727272727 0.38872832369942195 0.10151515151515152 0.3208092485549133
1 0.4446969696969697 0.39306358381502887 0.10151515151515152 0.34104046242774566
1 0.5371212121212121 0.35549132947976875 0.10757575757575757 0.3005780346820809
1 0.6424242424242425 0.3945086705202312 0.09696969696969697 0.3092485549132948
3 0.3462121212121212 0.9205202312138728 0.07727272727272727 0.13583815028901733
3 0.4439393939393939 0.8771676300578034 0.08787878787878788 0.10115606936416184
3 0.5583333333333333 0.8713872832369942 0.10454545454545454 0.0953757225433526
3 0.6492424242424243 0.8540462427745664 0.06818181818181818 0.10115606936416184
