3 0.16479400749063672 0.8809523809523809 0.0749063670411985 0.1111111111111111
3 0.5280898876404494 0.8941798941798942 0.20224719101123595 0.10582010582010581
3 0.750936329588015 0.873015873015873 0.08614232209737828 0.09523809523809523
3 0.8520599250936329 0.9312169312169312 0.10112359550561797 0.12698412698412698
0 0.8614232209737828 0.2777777777777778 0.0898876404494382 0.07936507936507936
0 0.752808988764045 0.3042328042328042 0.0749063670411985 0.08994708994708994
0 0.5674157303370787 0.2671957671957672 0.07865168539325842 0.08994708994708994
0 0.2602996254681648 0.2671957671957672 0.08614232209737828 0.08994708994708994
1 0.19662921348314608 0.4656084656084656 0.13857677902621723 0.3386243386243386
1 0.5711610486891385 0.49206349206349204 0.11610486891385768 0.24338624338624337
1 0.8876404494382023 0.48148148148148145 0.14232209737827717 0.25396825396825395
1 0.752808988764045 0.4973544973544973 0.1198501872659176 0.2328042328042328
