0 0.28051391862955033 0.4832317073170732 0.059957173447537475 0.03353658536585366
0 0.4668094218415418 0.4862804878048781 0.04282655246252677 0.024390243902439025
0 0.5535331905781585 0.4870426829268293 0.05353319057815846 0.038109756097560975
0 0.7162740899357602 0.4969512195121951 0.044967880085653104 0.03048780487804878
1 0.2676659528907923 0.5838414634146342 0.08993576017130621 0.12804878048780488
1 0.4379014989293362 0.5594512195121951 0.062098501070663815 0.09146341463414634
1 0.5203426124197003 0.5724085365853658 0.09850107066381157 0.0899390243902439
1 0.7109207708779444 0.5800304878048781 0.09421841541755889 0.11128048780487805
3 0.23875802997858675 0.8170731707317074 0.09207708779443255 0.07317073170731708
3 0.42184154175588867 0.7294207317073171 0.059957173447537475 0.05030487804878049
3 0.487152034261242 0.7698170731707318 0.10920770877944326 0.06707317073170732
3 0.6563169164882228 0.739329268292683 0.09635974304068523 0.06097560975609756
