2 0.675 0.32666666666666666 0.114 0.16666666666666669
2 0.27 0.395 0.048 0.05
2 0.21 0.44833333333333336 0.036000000000000004 0.03666666666666667
2 0.17500000000000002 0.35333333333333333 0.042 0.02
2 0.14 0.31833333333333336 0.016 0.016666666666666666
0 0.633 0.13333333333333333 0.17 0.23333333333333334
0 0.259 0.32666666666666666 0.066 0.06666666666666667
0 0.209 0.3816666666666667 0.058 0.07
0 0.171 0.3116666666666667 0.042 0.05666666666666667
0 0.11 0.305 0.024 0.030000000000000002
0 0.08700000000000001 0.33666666666666667 0.026000000000000002 0.02
