3 0.31833333333333336 0.947136563876652 0.1 0.09691629955947137
3 0.385 0.8843612334801763 0.05666666666666667 0.10792951541850221
3 0.43583333333333335 0.8656387665198239 0.06166666666666667 0.09251101321585904
3 0.505 0.8997797356828194 0.05 0.12114537444933922
3 0.6441666666666667 0.9614537444933922 0.13166666666666668 0.06828193832599119
1 0.3125 0.5649779735682819 0.085 0.19162995594713658
1 0.3775 0.551762114537445 0.058333333333333334 0.14317180616740088
1 0.4366666666666667 0.5638766519823789 0.05 0.15859030837004406
1 0.49250000000000005 0.5814977973568283 0.04833333333333334 0.18061674008810574
1 0.5891666666666667 0.5506607929515419 0.04166666666666667 0.15418502202643172
1 0.6575000000000001 0.5748898678414097 0.10166666666666667 0.21585903083700442
0 0.38583333333333336 0.4140969162995595 0.04166666666666667 0.048458149779735685
0 0.48500000000000004 0.4416299559471366 0.04 0.03744493392070485
0 0.5125000000000001 0.4140969162995595 0.03833333333333334 0.026431718061674013
0 0.6008333333333333 0.3799559471365639 0.05166666666666667 0.04185022026431719
0 0.6566666666666667 0.38656387665198244 0.060000000000000005 0.06387665198237887
