1 0.3397239263803681 0.35333333333333333 0.09969325153374234 0.24
1 0.6901840490797546 0.35555555555555557 0.12576687116564417 0.24
1 0.8259202453987731 0.2788888888888889 0.05368098159509203 0.13555555555555557
1 0.9263803680981595 0.3377777777777778 0.05828220858895706 0.10666666666666666
0 0.9026073619631902 0.2811111111111111 0.0352760736196319 0.06
0 0.8412576687116564 0.17666666666666667 0.026073619631901843 0.03777777777777778
0 0.6986196319018405 0.15 0.07822085889570553 0.06888888888888889
0 0.3565950920245399 0.1622222222222222 0.0598159509202454 0.04
3 0.9164110429447853 0.5055555555555555 0.05061349693251534 0.05555555555555555
3 0.8205521472392638 0.4888888888888889 0.049079754601226995 0.057777777777777775
3 0.683282208588957 0.7433333333333333 0.05368098159509203 0.1
3 0.24616564417177914 0.6855555555555556 0.04447852760736196 0.06888888888888889
