3 0.31718061674008813 0.8490990990990991 0.2114537444933921 0.07657657657657657
3 0.6211453744493393 0.8355855855855856 0.11453744493392072 0.07657657657657657
3 0.7334801762114538 0.9121621621621622 0.15418502202643172 0.13063063063063063
0 0.8634361233480177 0.19369369369369369 0.1497797356828194 0.10810810810810811
0 0.7312775330396476 0.25225225225225223 0.10572687224669605 0.06306306306306306
0 0.6167400881057269 0.3490990990990991 0.0881057268722467 0.06756756756756757
0 0.3127753303964758 0.32207207207207206 0.07929515418502203 0.06756756756756757
1 0.28634361233480177 0.48648648648648646 0.1497797356828194 0.1981981981981982
1 0.6145374449339207 0.4954954954954955 0.11894273127753305 0.16216216216216217
1 0.7334801762114538 0.4572072072072072 0.12775330396475773 0.21171171171171171
1 0.8920704845814978 0.44819819819819817 0.18942731277533043 0.2927927927927928
