1 0.2625 0.7444444444444445 0.15833333333333335 0.21777777777777776
1 0.45 0.7088888888888889 0.09333333333333334 0.18666666666666668
1 0.6125 0.7711111111111111 0.14500000000000002 0.17333333333333334
1 0.7916666666666667 0.7711111111111111 0.14333333333333334 0.19111111111111112
1 0.7300000000000001 0.5177777777777778 0.10333333333333335 0.21333333333333332
1 0.5758333333333334 0.4888888888888889 0.095 0.17777777777777778
1 0.4741666666666667 0.4888888888888889 0.10166666666666667 0.17333333333333334
1 0.36000000000000004 0.4711111111111111 0.09666666666666668 0.18666666666666668
1 0.27166666666666667 0.46 0.10333333333333335 0.17333333333333334
0 0.29083333333333333 0.59 0.08166666666666667 0.07333333333333333
0 0.28583333333333333 0.3088888888888889 0.06166666666666667 0.057777777777777775
0 0.3641666666666667 0.31555555555555553 0.05166666666666667 0.044444444444444446
0 0.4741666666666667 0.3388888888888889 0.045000000000000005 0.04666666666666667
0 0.5850000000000001 0.3411111111111111 0.05666666666666667 0.03777777777777778
0 0.7475 0.35444444444444445 0.058333333333333334 0.04666666666666667
0 0.795 0.6277777777777778 0.07666666666666667 0.06444444444444444
0 0.5675 0.6122222222222222 0.065 0.04666666666666667
0 0.45 0.5577777777777778 0.06333333333333334 0.06222222222222222
0 0.29583333333333334 0.5911111111111111 0.085 0.06666666666666667
