1 0.087890625 0.5670572916666666 0.169921875 0.5065104166666666
1 0.24169921875 0.47330729166666663 0.1279296875 0.29557291666666663
1 0.3857421875 0.5013020833333333 0.068359375 0.11979166666666666
1 0.8466796875 0.7291666666666666 0.298828125 0.5208333333333333
1 0.70166015625 0.5904947916666666 0.0712890625 0.3528645833333333
0 0.09912109375 0.158203125 0.1806640625 0.15755208333333331
0 0.25048828125 0.23502604166666666 0.1064453125 0.07682291666666666
0 0.498046875 0.220703125 0.0625 0.05859375
0 0.66064453125 0.34635416666666663 0.1044921875 0.1484375
0 0.88037109375 0.265625 0.2001953125 0.18229166666666666
3 0.30224609375 0.88671875 0.1181640625 0.125
3 0.51904296875 0.8125 0.1259765625 0.09895833333333333
3 0.3935546875 0.5852864583333333 0.052734375 0.045572916666666664
