0 0.7090909090909091 0.30601092896174864 0.06545454545454546 0.07650273224043716
0 0.649090909090909 0.31420765027322406 0.05454545454545454 0.07103825136612021
0 0.5581818181818182 0.33060109289617484 0.06181818181818182 0.07103825136612021
0 0.4581818181818182 0.319672131147541 0.06545454545454546 0.07103825136612021
0 0.36363636363636365 0.3333333333333333 0.05818181818181818 0.06557377049180328
0 0.2927272727272727 0.33060109289617484 0.05454545454545454 0.07103825136612021
0 0.19090909090909092 0.34153005464480873 0.06181818181818182 0.07103825136612021
0 0.31636363636363635 0.5765027322404371 0.05818181818181818 0.07103825136612021
0 0.49272727272727274 0.5737704918032787 0.07636363636363637 0.08743169398907104
1 0.18181818181818182 0.5382513661202186 0.10181818181818182 0.2459016393442623
1 0.28 0.5273224043715847 0.09454545454545454 0.2677595628415301
1 0.37272727272727274 0.5628415300546448 0.09818181818181818 0.28415300546448086
1 0.4618181818181818 0.5081967213114754 0.10909090909090909 0.25136612021857924
1 0.5581818181818182 0.5081967213114754 0.10545454545454545 0.24043715846994534
1 0.6527272727272727 0.5136612021857924 0.08363636363636363 0.273224043715847
1 0.7236363636363636 0.5191256830601093 0.08727272727272728 0.28415300546448086
1 0.29818181818181816 0.7622950819672131 0.13090909090909092 0.23497267759562843
1 0.4890909090909091 0.7759562841530054 0.12727272727272726 0.22950819672131148
