0 0.5513333333333333 0.6338862559241707 0.124 0.20142180094786732
0 0.8033333333333333 0.7488151658767773 0.12133333333333333 0.1990521327014218
0 0.8406666666666667 0.13033175355450238 0.09999999999999999 0.2180094786729858
0 0.6699999999999999 0.1966824644549763 0.10533333333333333 0.2085308056872038
1 0.5053333333333333 0.8329383886255924 0.21066666666666667 0.3293838862559242
1 0.8079999999999999 0.9004739336492892 0.17866666666666667 0.1943127962085308
1 0.8246666666666667 0.2274881516587678 0.18533333333333332 0.37914691943127965
1 0.5186666666666666 0.09834123222748815 0.19466666666666665 0.18720379146919433
3 0.6846666666666666 0.8270142180094787 0.08133333333333333 0.13270142180094788
3 0.4653333333333333 0.4680094786729858 0.056 0.12085308056872039
3 0.9526666666666667 0.2251184834123223 0.04933333333333333 0.1137440758293839
