0 0.0725 0.34375 0.12 0.10250000000000001
0 0.24875 0.38625 0.0925 0.0575
0 0.4175 0.31625000000000003 0.07 0.0475
0 0.5025000000000001 0.36 0.06 0.045
0 0.54625 0.35625 0.0625 0.0575
0 0.58125 0.33625 0.0475 0.0525
0 0.6687500000000001 0.2775 0.0675 0.08
0 0.79 0.30125 0.11 0.1075
0 0.92875 0.20125 0.14250000000000002 0.11750000000000001
2 0.1125 0.585 0.13 0.23500000000000001
2 0.26375 0.54125 0.0725 0.1675
2 0.39875 0.47500000000000003 0.0925 0.155
2 0.4975 0.4625 0.04 0.12
2 0.6775 0.4975 0.09 0.20500000000000002
2 0.7987500000000001 0.595 0.1275 0.3
2 0.935 0.6 0.105 0.39
3 0.40625 0.7825 0.10250000000000001 0.06
3 0.55375 0.8225 0.11750000000000001 0.075
3 0.6575 0.96 0.095 0.06
