3 0.4014285714285714 0.80125 0.11857142857142858 0.23500000000000001
3 0.18035714285714285 0.665 0.065 0.0775
3 0.07678571428571429 0.578125 0.07357142857142857 0.05625
1 0.3967857142857143 0.320625 0.11642857142857142 0.30125
1 0.18642857142857142 0.29625 0.10428571428571429 0.215
1 0.05 0.2575 0.09428571428571429 0.1875
0 0.3875 0.06375 0.05928571428571429 0.0675
0 0.8575 0.11875000000000001 0.12642857142857142 0.145
0 0.16392857142857142 0.124375 0.05785714285714286 0.07125000000000001
0 0.03678571428571428 0.096875 0.04357142857142857 0.06125
2 0.8482142857142857 0.225 0.08214285714285714 0.08750000000000001
2 0.3867857142857143 0.14625 0.05357142857142857 0.05
2 0.16178571428571428 0.184375 0.045 0.04875
2 0.035 0.146875 0.032857142857142856 0.03875
