0 0.1431297709923664 0.265625 0.08015267175572519 0.08333333333333333
0 0.3015267175572519 0.25260416666666663 0.06870229007633588 0.078125
0 0.4675572519083969 0.2890625 0.07251908396946564 0.078125
0 0.6927480916030534 0.22916666666666666 0.09541984732824427 0.08333333333333333
0 0.8797709923664122 0.24479166666666666 0.08778625954198473 0.08333333333333333
2 0.1431297709923664 0.453125 0.14885496183206107 0.26041666666666663
2 0.29770992366412213 0.4505208333333333 0.11450381679389313 0.265625
2 0.48854961832061067 0.47916666666666663 0.15267175572519084 0.26041666666666663
2 0.6889312977099237 0.42447916666666663 0.14885496183206107 0.265625
2 0.8740458015267175 0.43229166666666663 0.13740458015267176 0.25
3 0.1412213740458015 0.8098958333333333 0.11450381679389313 0.09895833333333333
3 0.2919847328244275 0.8255208333333333 0.0648854961832061 0.078125
3 0.4961832061068702 0.8072916666666666 0.1297709923664122 0.09375
3 0.6946564885496183 0.8255208333333333 0.15267175572519084 0.09895833333333333
3 0.8606870229007634 0.8098958333333333 0.12595419847328243 0.11979166666666666
