3 0.20805755395683453 0.19247404844290658 0.007482014388489208 0.01124567474048443
3 0.218705035971223 0.19312283737024222 0.00920863309352518 0.009948096885813149
3 0.19093525179856116 0.18728373702422146 0.007194244604316546 0.009515570934256055
3 0.19798561151079136 0.18663494809688583 0.006906474820143884 0.008217993079584776
3 0.17424460431654676 0.18317474048442908 0.00776978417266187 0.009083044982698962
3 0.180431654676259 0.18209342560553635 0.007482014388489208 0.010380622837370242
3 0.15640287769784172 0.18122837370242215 0.008345323741007195 0.00865051903114187
3 0.160863309352518 0.17928200692041524 0.008633093525179856 0.008217993079584776
3 0.14201438848920864 0.1777681660899654 0.00776978417266187 0.00865051903114187
3 0.14920863309352517 0.17560553633217993 0.005467625899280576 0.007785467128027682
3 0.12546762589928057 0.17711937716262977 0.007482014388489208 0.006487889273356402
3 0.11928057553956835 0.17603806228373703 0.010647482014388488 0.006920415224913495
3 0.10820143884892086 0.18079584775086505 0.00920863309352518 0.009515570934256055
3 0.10561151079136691 0.17884948096885814 0.008057553956834532 0.008217993079584776
3 0.0958273381294964 0.18339100346020762 0.007482014388489208 0.009515570934256055
3 0.08690647482014388 0.1842560553633218 0.008057553956834532 0.007785467128027682
3 0.07107913669064748 0.18814878892733564 0.012086330935251799 0.009515570934256055
3 0.06446043165467626 0.18576989619377163 0.011510791366906475 0.009948096885813149
3 0.05453237410071942 0.19506920415224915 0.010647482014388488 0.009515570934256055
3 0.05007194244604316 0.1911764705882353 0.011510791366906475 0.009515570934256055
3 0.027338129496402876 0.20609861591695502 0.014388489208633093 0.013408304498269897
3 0.01971223021582734 0.19939446366782007 0.013525179856115108 0.010380622837370242
