3 0.41697416974169743 0.8548387096774194 0.05166051660516605 0.08602150537634409
3 0.48523985239852396 0.8575268817204301 0.033210332103321034 0.048387096774193554
3 0.7398523985239852 0.8682795698924732 0.055350553505535055 0.06989247311827958
3 0.03505535055350553 0.8091397849462366 0.04059040590405904 0.06989247311827958
0 0.9095940959409594 0.27688172043010756 0.07011070110701106 0.06989247311827958
0 0.6937269372693726 0.051075268817204304 0.08856088560885608 0.08064516129032259
0 0.45940959409594095 0.20967741935483872 0.06273062730627306 0.06451612903225806
0 0.2656826568265683 0.23118279569892475 0.05904059040590406 0.06451612903225806
1 0.9225092250922509 0.48655913978494625 0.13284132841328414 0.2634408602150538
1 0.46494464944649444 0.44354838709677424 0.13284132841328414 0.2634408602150538
1 0.25276752767527677 0.446236559139785 0.12915129151291513 0.25806451612903225
1 0.038745387453874534 0.3548387096774194 0.055350553505535055 0.20430107526881722
