1 0.35625 0.32926829268292684 0.105 0.21951219512195122
1 0.5387500000000001 0.3592870544090056 0.1225 0.22326454033771106
1 0.754375 0.41275797373358347 0.11875000000000001 0.24390243902439024
0 0.744375 0.22420262664165103 0.058750000000000004 0.07692307692307693
0 0.551875 0.21575984990619138 0.058750000000000004 0.10131332082551595
0 0.375625 0.1801125703564728 0.06125 0.09380863039399624
3 0.36062500000000003 0.7354596622889306 0.06375 0.11632270168855535
3 0.40875 0.7298311444652908 0.0625 0.1200750469043152
3 0.675 0.7870544090056285 0.07 0.11444652908067542
3 0.775625 0.7607879924953096 0.04125 0.07692307692307693
