3 0.138659793814433 0.5589307411907655 0.17628865979381445 0.06561360874848116
3 0.3097938144329897 0.5504252733900364 0.1865979381443299 0.08019441069258809
3 0.43041237113402064 0.5328068043742406 0.1 0.1057108140947752
3 0.5695876288659794 0.5577156743620899 0.15360824742268042 0.09477521263669501
3 0.7067010309278351 0.5303766707168894 0.15360824742268042 0.10328068043742406
0 0.15309278350515465 0.09781287970838395 0.08144329896907217 0.03523693803159173
0 0.28969072164948456 0.11057108140947751 0.07422680412371134 0.04131227217496962
0 0.4572164948453608 0.12150668286755771 0.05257731958762887 0.0583232077764277
0 0.5396907216494845 0.08323207776427703 0.0731958762886598 0.04738760631834751
0 0.7123711340206186 0.10935601458080194 0.07628865979381444 0.04131227217496962
1 0.15515463917525774 0.24422843256379098 0.1309278350515464 0.17253948967193194
1 0.3118556701030928 0.23633049817739973 0.11855670103092784 0.1421628189550425
1 0.43917525773195876 0.25637910085054677 0.09278350515463918 0.14580801944106925
1 0.55 0.2393681652490887 0.10824742268041238 0.1798298906439854
1 0.7170103092783505 0.24544349939246657 0.11443298969072165 0.14580801944106925
