0 0.20903010033444816 0.28273809523809523 0.07692307692307693 0.125
0 0.2826086956521739 0.20535714285714285 0.07692307692307693 0.08928571428571427
0 0.431438127090301 0.1369047619047619 0.09364548494983277 0.11904761904761904
0 0.49498327759197325 0.0744047619047619 0.09364548494983277 0.125
0 0.7792642140468228 0.33035714285714285 0.05351170568561873 0.07738095238095238
0 0.6505016722408027 0.3630952380952381 0.043478260869565216 0.05952380952380952
1 0.3060200668896321 0.42857142857142855 0.11036789297658862 0.2976190476190476
1 0.4197324414715719 0.4255952380952381 0.09698996655518395 0.3273809523809524
1 0.520066889632107 0.3720238095238095 0.13043478260869565 0.38690476190476186
1 0.7859531772575251 0.4851190476190476 0.0802675585284281 0.20833333333333331
3 0.11872909698996656 0.8958333333333333 0.09698996655518395 0.08928571428571427
3 0.21906354515050167 0.8958333333333333 0.08361204013377926 0.08928571428571427
3 0.32274247491638797 0.8958333333333333 0.06354515050167224 0.08928571428571427
