2 0.8095238095238095 0.15760869565217392 0.04395604395604395 0.07608695652173914
2 0.2893772893772894 0.16032608695652173 0.03663003663003663 0.059782608695652176
0 0.29120879120879123 0.09239130434782608 0.07692307692307693 0.09782608695652173
0 0.815018315018315 0.0733695652173913 0.11355311355311355 0.11413043478260869
0 0.6886446886446886 0.10054347826086957 0.06593406593406594 0.08152173913043478
1 0.2893772893772894 0.27989130434782605 0.10256410256410256 0.23369565217391303
1 0.8553113553113553 0.3125 0.1575091575091575 0.33152173913043476
1 0.6868131868131868 0.2418478260869565 0.10622710622710622 0.21195652173913043
3 0.8717948717948718 0.7690217391304348 0.05860805860805861 0.1358695652173913
3 0.782051282051282 0.7119565217391304 0.07692307692307693 0.09782608695652173
3 0.31135531135531136 0.6739130434782609 0.05128205128205128 0.09782608695652173
