2 0.309748427672956 0.32704402515723274 0.0660377358490566 0.13836477987421383
2 0.529874213836478 0.48742138364779874 0.0849056603773585 0.18238993710691825
2 0.9339622641509434 0.3867924528301887 0.09433962264150944 0.169811320754717
0 0.15723270440251574 0.1289308176100629 0.18238993710691825 0.23270440251572327
0 0.30503144654088055 0.21069182389937108 0.11949685534591195 0.169811320754717
0 0.5550314465408805 0.30188679245283023 0.1729559748427673 0.18867924528301888
1 0.1588050314465409 0.6635220125786164 0.22955974842767296 0.6477987421383649
1 0.3176100628930818 0.5628930817610063 0.169811320754717 0.4968553459119497
1 0.5833333333333334 0.7861635220125787 0.1918238993710692 0.41509433962264153
1 0.9088050314465409 0.7232704402515724 0.169811320754717 0.5408805031446541
