2 0.35818181818181816 0.2923497267759563 0.09090909090909091 0.1912568306010929
2 0.5745454545454546 0.5327868852459017 0.08727272727272728 0.15846994535519127
2 0.7236363636363636 0.40437158469945356 0.07272727272727272 0.14207650273224043
2 0.7927272727272727 0.5245901639344263 0.08 0.16393442622950818
2 0.8872727272727273 0.6366120218579235 0.07272727272727272 0.11475409836065574
0 0.3 0.12568306010928962 0.2581818181818182 0.20765027322404372
0 0.5272727272727272 0.4207650273224044 0.19636363636363635 0.26229508196721313
0 0.6890909090909091 0.26229508196721313 0.19272727272727272 0.16393442622950818
1 0.28363636363636363 0.6885245901639344 0.3418181818181818 0.6120218579234973
1 0.5872727272727273 0.7896174863387978 0.2509090909090909 0.3989071038251366
1 0.8090909090909091 0.8060109289617486 0.11272727272727273 0.3442622950819672
