0 0.2125 0.31666666666666665 0.06785714285714285 0.07777777777777778
0 0.3821428571428571 0.2777777777777778 0.08571428571428572 0.07777777777777778
0 0.4464285714285714 0.2833333333333333 0.07857142857142857 0.06666666666666667
0 0.6214285714285714 0.22777777777777777 0.09285714285714286 0.11111111111111112
1 0.7928571428571428 0.41944444444444445 0.12857142857142856 0.21666666666666667
1 0.6303571428571428 0.4277777777777778 0.1392857142857143 0.26666666666666666
1 0.4607142857142857 0.4916666666666667 0.15 0.25
1 0.23928571428571427 0.5277777777777778 0.11428571428571428 0.26666666666666666
3 0.21964285714285714 0.9416666666666667 0.060714285714285714 0.07222222222222223
3 0.2875 0.9 0.04642857142857143 0.08888888888888889
3 0.46428571428571425 0.8805555555555555 0.05714285714285714 0.17222222222222222
3 0.49107142857142855 0.8861111111111112 0.05357142857142857 0.18333333333333335
3 0.6214285714285714 0.9277777777777778 0.07142857142857142 0.1
3 0.4035714285714286 0.9333333333333333 0.05714285714285714 0.1
3 0.7946428571428571 0.8944444444444445 0.06785714285714285 0.11111111111111112
3 0.8571428571428571 0.8972222222222223 0.049999999999999996 0.10555555555555556
3 0.6910714285714286 0.913888888888889 0.075 0.11666666666666667
