0 0.7319790301441678 0.08546168958742632 0.10615989515072084 0.12377210216110018
0 0.4829619921363041 0.38703339882121807 0.08519003931847968 0.10609037328094302
0 0.3925294888597641 0.4567779960707269 0.06946264744429882 0.060903732809430254
0 0.09501965923984272 0.6394891944990176 0.06946264744429882 0.06483300589390963
0 0.15727391874180865 0.7131630648330058 0.04980340760157274 0.04715127701375245
1 0.7575360419397117 0.34577603143418467 0.14154652686762778 0.3143418467583497
1 0.13892529488859764 0.8487229862475442 0.07863695937090433 0.18074656188605107
1 0.07142857142857142 0.7858546168958742 0.07208387942332896 0.1886051080550098
3 0.7837483617300132 0.8664047151277013 0.07863695937090433 0.22789783889980353
3 0.7096985583224116 0.8585461689587426 0.11140235910878113 0.19646365422396855
3 0.5314547837483617 0.949901768172888 0.08781127129750983 0.08840864440078584
3 0.33420707732634336 0.8664047151277013 0.07601572739187418 0.0667976424361493
3 0.43709043250327656 0.8772102161100196 0.03800786369593709 0.10805500982318271
0 0.21100917431192662 0.8939096267190569 0.0 0.0
