3 0.04194470924690181 0.91189111747851 0.08388941849380362 0.0673352435530086
3 0.13918017159199236 0.8875358166189111 0.10295519542421354 0.0673352435530086
2 0.10533841754051478 0.32879656160458454 0.05624404194470924 0.05873925501432665
2 0.4914204003813155 0.30587392550143266 0.07340324118207817 0.07306590257879655
2 0.7492850333651097 0.33810888252148996 0.07435653002859867 0.0659025787965616
0 0.46997140133460436 0.15830945558739254 0.14680648236415633 0.25644699140401145
0 0.10009532888465204 0.2793696275071633 0.08579599618684461 0.08595988538681948
0 0.7511916110581506 0.21704871060171918 0.12202097235462345 0.15616045845272206
1 0.11105815061963775 0.4713467048710602 0.10772163965681601 0.2492836676217765
1 0.026215443279313633 0.4598853868194842 0.04099142040038131 0.33810888252148996
1 0.6024785510009533 0.5222063037249284 0.20781696854146806 0.5372492836676218
1 0.8074356530028598 0.5121776504297995 0.16968541468064824 0.39111747851002865
