3 0.7058823529411764 0.7459150326797386 0.30392156862745096 0.20751633986928106
3 0.11029411764705882 0.6772875816993464 0.08333333333333333 0.07679738562091504
3 0.23161764705882354 0.6821895424836601 0.061274509803921566 0.06372549019607843
3 0.33455882352941174 0.7017973856209151 0.07107843137254902 0.11274509803921569
3 0.5012254901960784 0.7066993464052288 0.09558823529411764 0.08660130718954248
0 0.4387254901960784 0.38643790849673204 0.06372549019607843 0.03104575163398693
0 0.2659313725490196 0.44607843137254904 0.056372549019607844 0.026143790849673203
1 0.7634803921568627 0.3602941176470588 0.30637254901960786 0.20751633986928106
1 0.41299019607843135 0.48284313725490197 0.09558823529411764 0.12908496732026145
1 0.2230392156862745 0.5212418300653595 0.14215686274509803 0.10130718954248366
