1 0.2907142857142857 0.4247706422018349 0.11571428571428571 0.24770642201834864
1 0.43785714285714283 0.42568807339449544 0.08428571428571428 0.15045871559633028
1 0.5614285714285714 0.40825688073394495 0.08857142857142856 0.1559633027522936
1 0.7485714285714286 0.27155963302752295 0.18857142857142858 0.3963302752293578
0 0.1992857142857143 0.25871559633027524 0.06714285714285714 0.12844036697247707
0 0.3742857142857143 0.30091743119266057 0.05714285714285714 0.09541284403669725
0 0.4342857142857143 0.344954128440367 0.05142857142857143 0.08440366972477065
0 0.44357142857142856 0.2834862385321101 0.055714285714285716 0.060550458715596334
0 0.5528571428571428 0.2834862385321101 0.05142857142857143 0.060550458715596334
0 0.6235714285714286 0.0853211009174312 0.11571428571428571 0.13027522935779817
3 0.72 0.8880733944954129 0.17714285714285713 0.10642201834862386
3 0.43142857142857144 0.7027522935779817 0.06 0.04036697247706422
3 0.555 0.6963302752293579 0.07571428571428572 0.04954128440366973
3 0.34285714285714286 0.7871559633027523 0.08571428571428572 0.05504587155963303
3 0.8628571428571429 0.7311926605504587 0.08 0.05321100917431193
2 0.6507142857142857 0.1853211009174312 0.06714285714285714 0.07339449541284404
2 0.35285714285714287 0.3614678899082569 0.02857142857142857 0.05137614678899083
2 0.4092857142857143 0.38623853211009174 0.032857142857142856 0.04220183486238532
