0 0.7263071895424836 0.17034313725490197 0.06372549019607843 0.10049019607843138
0 0.3366013071895425 0.0661764705882353 0.08823529411764706 0.12254901960784313
0 0.1919934640522876 0.2610294117647059 0.07352941176470588 0.07107843137254902
1 0.7116013071895425 0.3700980392156863 0.12581699346405228 0.24509803921568626
3 0.6519607843137255 0.7071078431372549 0.06535947712418301 0.12990196078431374
3 0.37663398692810457 0.7757352941176471 0.07026143790849673 0.1838235294117647
3 0.25653594771241833 0.7683823529411764 0.06862745098039216 0.2230392156862745
3 0.1576797385620915 0.6899509803921569 0.04411764705882353 0.11519607843137254
3 0.7418300653594772 0.75 0.04575163398692811 0.12745098039215685
1 0.2107843137254902 0.42769607843137253 0.10457516339869281 0.2034313725490196
