0 0.868125 0.14935064935064934 0.17375000000000002 0.19047619047619047
0 0.786875 0.12554112554112554 0.10125 0.12121212121212122
0 0.759375 0.09415584415584416 0.08625000000000001 0.08441558441558442
0 0.70875 0.0854978354978355 0.0625 0.07142857142857142
0 0.658125 0.09848484848484848 0.05625 0.06277056277056277
0 0.564375 0.08333333333333333 0.06125 0.07142857142857142
0 0.51375 0.15043290043290045 0.0525 0.07142857142857142
0 0.450625 0.1331168831168831 0.06125 0.07575757575757576
0 0.375 0.09632034632034632 0.0625 0.07575757575757576
0 0.26937500000000003 0.09740259740259741 0.07625 0.1038961038961039
0 0.183125 0.11904761904761904 0.08125 0.12121212121212122
0 0.088125 0.06926406926406926 0.14375000000000002 0.12987012987012986
1 0.135625 0.4653679653679654 0.23625000000000002 0.45454545454545453
1 0.22 0.4004329004329004 0.17500000000000002 0.2943722943722944
1 0.2975 0.3365800865800866 0.1475 0.30952380952380953
1 0.37875000000000003 0.2748917748917749 0.0725 0.2554112554112554
1 0.441875 0.30303030303030304 0.08625000000000001 0.26406926406926406
1 0.5181250000000001 0.3170995670995671 0.07375 0.23593073593073594
1 0.56875 0.288961038961039 0.0825 0.28354978354978355
1 0.634375 0.2943722943722944 0.06625 0.2554112554112554
1 0.7075 0.3235930735930736 0.085 0.2792207792207792
1 0.806875 0.5844155844155844 0.27625 0.5281385281385281
3 0.720625 0.9404761904761905 0.10875 0.10173160173160173
3 0.69625 0.8333333333333334 0.065 0.07792207792207792
3 0.67125 0.775974025974026 0.09 0.11904761904761904
3 0.620625 0.6341991341991342 0.06125 0.06926406926406926
3 0.5593750000000001 0.6233766233766234 0.06125 0.12987012987012986
3 0.510625 0.6309523809523809 0.07375 0.13636363636363635
3 0.4575 0.6634199134199135 0.06 0.14502164502164502
3 0.39 0.6136363636363636 0.08750000000000001 0.11038961038961038
3 0.346875 0.7002164502164502 0.08875 0.14935064935064934
3 0.3225 0.7727272727272727 0.0675 0.12121212121212122
3 0.31375000000000003 0.9696969696969697 0.0925 0.05627705627705628
