0 0.9296052631578947 0.169 0.09605263157894736 0.09
0 0.7638157894736842 0.20500000000000002 0.08289473684210526 0.082
0 0.6677631578947368 0.178 0.075 0.076
0 0.6243421052631579 0.197 0.05394736842105263 0.058
0 0.544078947368421 0.211 0.06447368421052631 0.07
0 0.3480263157894737 0.221 0.06710526315789474 0.074
0 0.21776315789473683 0.273 0.06184210526315789 0.062
0 0.031578947368421054 0.234 0.05263157894736842 0.08
1 0.919078947368421 0.46900000000000003 0.16710526315789473 0.374
1 0.7960526315789473 0.488 0.1394736842105263 0.34800000000000003
1 0.32763157894736844 0.428 0.12105263157894737 0.224
1 0.20394736842105263 0.47300000000000003 0.12105263157894737 0.242
1 0.04407894736842105 0.437 0.08026315789473684 0.214
2 0.9302631578947368 0.26 0.07894736842105263 0.08
2 0.7677631578947368 0.271 0.06184210526315789 0.07
2 0.618421052631579 0.269 0.042105263157894736 0.054
2 0.544078947368421 0.28 0.05131578947368421 0.064
2 0.21776315789473683 0.339 0.05921052631578947 0.062
2 0.031578947368421054 0.309 0.049999999999999996 0.05
3 0.7210526315789474 0.9490000000000001 0.15 0.078
3 0.6138157894736842 0.901 0.09605263157894736 0.11800000000000001
3 0.5631578947368421 0.843 0.08421052631578947 0.08600000000000001
3 0.2118421052631579 0.8170000000000001 0.06842105263157895 0.066
