1 0.7977346278317152 0.3474842767295598 0.11326860841423948 0.3427672955974843
1 0.6601941747572816 0.4418238993710692 0.1197411003236246 0.24842767295597484
1 0.2888349514563107 0.46540880503144655 0.09870550161812298 0.2641509433962264
1 0.04854368932038835 0.8632075471698114 0.09061488673139159 0.13522012578616352
0 0.7645631067961165 0.08647798742138366 0.09870550161812298 0.11635220125786164
0 0.6642394822006473 0.2389937106918239 0.06310679611650485 0.09433962264150944
0 0.29368932038834955 0.24842767295597484 0.07281553398058253 0.09433962264150944
0 0.1383495145631068 0.639937106918239 0.12135922330097088 0.13522012578616352
0 0.05663430420711974 0.699685534591195 0.06796116504854369 0.09119496855345913
3 0.7233009708737864 0.9056603773584906 0.045307443365695796 0.05660377358490566
3 0.6003236245954693 0.9009433962264152 0.05177993527508091 0.07861635220125787
3 0.2888349514563107 0.8883647798742139 0.11165048543689321 0.04088050314465409
0 0.47168284789644016 0.5534591194968553 0.03074433656957929 0.05660377358490566
