0 0.7735 0.24212893553223389 0.063 0.07946026986506746
0 0.7025 0.23238380809595202 0.059000000000000004 0.06296851574212893
0 0.6325000000000001 0.19490254872563717 0.097 0.11094452773613193
0 0.554 0.2818590704647676 0.062 0.08095952023988005
0 0.4875 0.2383808095952024 0.063 0.07796101949025487
0 0.325 0.22038980509745126 0.106 0.10194902548725637
0 0.128 0.24587706146926536 0.10400000000000001 0.09895052473763118
1 0.865 0.5464767616191903 0.228 0.32533733133433285
1 0.768 0.43703148425787103 0.124 0.22638680659670163
1 0.7035 0.416791604197901 0.117 0.22488755622188905
1 0.6235 0.5262368815592203 0.169 0.4407796101949025
1 0.494 0.45577211394302847 0.116 0.2908545727136432
1 0.3305 0.5554722638680659 0.191 0.4032983508245877
1 0.1235 0.6124437781109445 0.215 0.4512743628185907
3 0.47650000000000003 0.8305847076461769 0.045 0.06896551724137931
3 0.516 0.7728635682158921 0.032 0.05847076461769115
3 0.552 0.8238380809595202 0.038 0.07346326836581708
