0 0.85791015625 0.42961876832844575 0.1181640625 0.12609970674486803
0 0.71630859375 0.2697947214076246 0.1181640625 0.11143695014662756
0 0.59765625 0.2375366568914956 0.123046875 0.11730205278592376
0 0.4755859375 0.40982404692082114 0.134765625 0.13343108504398826
0 0.32666015625 0.3416422287390029 0.1025390625 0.19941348973607037
0 0.22705078125 0.13049853372434017 0.1494140625 0.12903225806451613
2 0.8857421875 0.5153958944281525 0.05078125 0.08064516129032258
2 0.73779296875 0.3621700879765396 0.0556640625 0.07917888563049853
2 0.61181640625 0.34750733137829914 0.0595703125 0.093841642228739
2 0.47998046875 0.5197947214076246 0.0615234375 0.0747800586510264
2 0.2939453125 0.41348973607038125 0.05859375 0.07038123167155425
2 0.24658203125 0.2536656891495601 0.0673828125 0.10557184750733138
1 0.826171875 0.7265395894428153 0.171875 0.37976539589442815
1 0.70849609375 0.5689149560117303 0.1376953125 0.36950146627565983
1 0.46337890625 0.7456011730205279 0.1826171875 0.4002932551319648
1 0.28173828125 0.5857771260997068 0.1337890625 0.3533724340175953
