1 0.806640625 0.29282576866764276 0.142578125 0.29282576866764276
1 0.53369140625 0.527818448023426 0.1494140625 0.3323572474377745
1 0.40478515625 0.5966325036603222 0.1455078125 0.31478770131771594
1 0.36376953125 0.5995607613469985 0.1083984375 0.31185944363103957
1 0.27197265625 0.6852122986822841 0.1806640625 0.38945827232796487
1 0.27392578125 0.7635431918008785 0.1416015625 0.40556368960468525
3 0.79443359375 0.8060029282576867 0.1494140625 0.09809663250366032
0 0.84130859375 0.05636896046852123 0.0927734375 0.10395314787701318
0 0.5546875 0.2964860907759883 0.08984375 0.13323572474377746
0 0.44189453125 0.36676427525622257 0.0927734375 0.1390922401171303
0 0.38818359375 0.3404099560761347 0.0849609375 0.10688140556368961
0 0.30029296875 0.4224011713030747 0.0986328125 0.1273792093704246
0 0.29052734375 0.45973645680819913 0.1025390625 0.1259150805270864
2 0.28515625 0.5505124450951684 0.0859375 0.06734992679355783
2 0.54248046875 0.37994143484626647 0.0810546875 0.0746705710102489
