2 0.18484848484848485 0.22123893805309736 0.06060606060606061 0.10029498525073746
2 0.33636363636363636 0.17846607669616518 0.06666666666666667 0.10324483775811209
2 0.49242424242424243 0.24336283185840707 0.07272727272727272 0.10324483775811209
2 0.6530303030303031 0.2713864306784661 0.07272727272727272 0.08259587020648967
2 0.8477272727272728 0.3141592920353982 0.07121212121212121 0.09144542772861357
1 0.48787878787878786 0.45870206489675514 0.14242424242424243 0.40412979351032446
1 0.6537878787878788 0.5132743362831859 0.12878787878787878 0.44837758112094395
1 0.8575757575757575 0.532448377581121 0.15151515151515152 0.43952802359882004
0 0.4909090909090909 0.12979351032448377 0.08787878787878788 0.10619469026548672
0 0.6545454545454545 0.15339233038348082 0.09696969696969697 0.12979351032448377
