3 0.1405 0.8462585034013604 0.069 0.04897959183673469
3 0.031 0.8421768707482993 0.052000000000000005 0.04897959183673469
3 0.08700000000000001 0.8122448979591836 0.078 0.05986394557823129
3 0.2185 0.8163265306122448 0.055 0.04081632653061224
3 0.2935 0.8340136054421768 0.125 0.06258503401360543
3 0.4355 0.8421768707482993 0.095 0.06802721088435373
3 0.545 0.846938775510204 0.114 0.06394557823129252
3 0.7805 0.8333333333333333 0.075 0.08571428571428572
3 0.8625 0.8244897959183672 0.091 0.07619047619047618
3 0.975 0.8272108843537415 0.044 0.08163265306122448
0 0.0605 0.40272108843537413 0.061 0.06530612244897958
0 0.2235 0.3721088435374149 0.061 0.058503401360544216
0 0.2785 0.3659863945578231 0.059000000000000004 0.05986394557823129
0 0.384 0.37823129251700677 0.064 0.07074829931972788
0 0.4585 0.38503401360544215 0.051000000000000004 0.05442176870748299
0 0.5655 0.3687074829931973 0.063 0.05442176870748299
0 0.6950000000000001 0.3721088435374149 0.07200000000000001 0.058503401360544216
0 0.789 0.38503401360544215 0.064 0.05714285714285714
0 0.878 0.3496598639455782 0.066 0.05714285714285714
0 0.9185 0.3972789115646258 0.051000000000000004 0.05170068027210884
0 0.9570000000000001 0.3904761904761905 0.038 0.05442176870748299
0 0.9825 0.3857142857142857 0.029 0.055782312925170066
1 0.0915 0.5598639455782313 0.069 0.22721088435374148
1 0.2405 0.5210884353741496 0.063 0.20680272108843537
1 0.295 0.5217687074829932 0.10200000000000001 0.21904761904761902
1 0.40950000000000003 0.5088435374149659 0.077 0.182312925170068
1 0.456 0.5489795918367346 0.10200000000000001 0.21904761904761902
1 0.5730000000000001 0.5251700680272109 0.092 0.20136054421768707
1 0.6875 0.5244897959183673 0.111 0.21632653061224488
1 0.787 0.5251700680272109 0.078 0.1931972789115646
1 0.882 0.5068027210884354 0.092 0.17823129251700678
1 0.9470000000000001 0.5455782312925169 0.048 0.2149659863945578
1 0.976 0.5421768707482992 0.046 0.19727891156462585
