3 0.8283333333333334 0.7506172839506172 0.20333333333333334 0.16790123456790124
3 0.6641666666666667 0.4925925925925926 0.06833333333333334 0.08148148148148147
3 0.32083333333333336 0.6506172839506172 0.07500000000000001 0.1259259259259259
0 0.8133333333333334 0.06049382716049383 0.10333333333333335 0.10123456790123457
0 0.6866666666666668 0.10246913580246914 0.05666666666666667 0.07160493827160494
0 0.6041666666666667 0.15308641975308643 0.025 0.02962962962962963
0 0.525 0.14814814814814814 0.02 0.03950617283950617
0 0.5 0.14074074074074075 0.030000000000000002 0.02962962962962963
0 0.2841666666666667 0.09506172839506173 0.07166666666666667 0.08641975308641975
0 0.21416666666666667 0.345679012345679 0.03833333333333334 0.0691358024691358
0 0.14916666666666667 0.2654320987654321 0.018333333333333333 0.037037037037037035
0 0.03333333333333333 0.1876543209876543 0.023333333333333334 0.024691358024691357
2 0.8116666666666668 0.14814814814814814 0.05666666666666667 0.06419753086419754
2 0.29333333333333333 0.1580246913580247 0.043333333333333335 0.044444444444444446
2 0.49750000000000005 0.15925925925925927 0.025 0.022222222222222223
1 0.8516666666666667 0.3037037037037037 0.16333333333333333 0.3358024691358025
1 0.6791666666666667 0.24444444444444444 0.10500000000000001 0.18271604938271604
1 0.48833333333333334 0.20617283950617282 0.06333333333333334 0.09135802469135802
1 0.615 0.17777777777777778 0.03333333333333333 0.03950617283950617
1 0.43833333333333335 0.1765432098765432 0.023333333333333334 0.037037037037037035
1 0.28750000000000003 0.2740740740740741 0.12833333333333335 0.2222222222222222
1 0.1625 0.38641975308641974 0.08166666666666667 0.14074074074074075
1 0.17750000000000002 0.2728395061728395 0.05166666666666667 0.05185185185185185
1 0.03833333333333334 0.2271604938271605 0.04 0.06419753086419754
