0 0.12890625 0.2647569444444444 0.0859375 0.09201388888888888
0 0.2890625 0.328125 0.078125 0.09027777777777778
0 0.44970703125 0.42013888888888884 0.0732421875 0.12152777777777778
0 0.61279296875 0.2899305555555555 0.0693359375 0.09375
0 0.75390625 0.3350694444444444 0.07421875 0.08333333333333333
0 0.89599609375 0.38715277777777773 0.0751953125 0.10763888888888888
2 0.12060546875 0.3142361111111111 0.0537109375 0.07291666666666666
2 0.28857421875 0.40277777777777773 0.0576171875 0.07638888888888888
2 0.45166015625 0.4600694444444444 0.0498046875 0.059027777777777776
2 0.61669921875 0.3663194444444444 0.0478515625 0.06944444444444445
2 0.7578125 0.40277777777777773 0.048828125 0.0625
2 0.900390625 0.4548611111111111 0.0546875 0.06944444444444445
1 0.28515625 0.5963541666666666 0.12109375 0.2864583333333333
1 0.451171875 0.6519097222222222 0.12890625 0.3107638888888889
1 0.76171875 0.5911458333333333 0.134765625 0.296875
1 0.90673828125 0.6519097222222222 0.1376953125 0.3177083333333333
