0 0.9782051282051282 0.3355769230769231 0.04358974358974359 0.05576923076923077
0 0.9403846153846154 0.3894230769230769 0.06282051282051282 0.051923076923076926
0 0.7961538461538461 0.3653846153846154 0.06153846153846154 0.05384615384615385
0 0.7878205128205128 0.31923076923076926 0.05512820512820513 0.038461538461538464
0 0.7564102564102564 0.32403846153846155 0.04358974358974359 0.05576923076923077
0 0.6852564102564103 0.29134615384615387 0.03461538461538462 0.04038461538461539
0 0.632051282051282 0.26826923076923076 0.041025641025641026 0.03653846153846154
0 0.6147435897435898 0.2230769230769231 0.026923076923076925 0.026923076923076925
0 0.5557692307692308 0.23653846153846156 0.029487179487179487 0.03461538461538462
0 0.5397435897435897 0.24903846153846154 0.028205128205128206 0.025
0 0.45576923076923076 0.2057692307692308 0.03205128205128205 0.026923076923076925
0 0.40064102564102566 0.21923076923076923 0.029487179487179487 0.023076923076923078
0 0.3423076923076923 0.2230769230769231 0.03076923076923077 0.03461538461538462
0 0.257051282051282 0.2711538461538462 0.03974358974358974 0.04230769230769231
0 0.06217948717948718 0.2730769230769231 0.06025641025641026 0.057692307692307696
0 0.05384615384615385 0.38846153846153847 0.07692307692307693 0.09615384615384616
0 0.22115384615384615 0.3875 0.06794871794871794 0.07500000000000001
0 0.3243589743589744 0.40384615384615385 0.0641025641025641 0.07692307692307693
0 0.382051282051282 0.39711538461538465 0.05897435897435897 0.06730769230769232
0 0.45064102564102565 0.3336538461538462 0.057692307692307696 0.05576923076923077
0 0.4551282051282051 0.2884615384615385 0.038461538461538464 0.04230769230769231
0 0.4141025641025641 0.27884615384615385 0.041025641025641026 0.06153846153846154
0 0.3487179487179487 0.26153846153846155 0.03333333333333333 0.046153846153846156
0 0.5743589743589743 0.275 0.04358974358974359 0.03076923076923077
0 0.5365384615384615 0.3144230769230769 0.03974358974358974 0.04038461538461539
0 0.5775641025641025 0.33461538461538465 0.05 0.06153846153846154
0 0.6301282051282051 0.3596153846153846 0.06282051282051282 0.06923076923076923
0 0.6397435897435897 0.3057692307692308 0.041025641025641026 0.038461538461538464
0 0.5205128205128206 0.3807692307692308 0.05897435897435897 0.06538461538461539
2 0.9730769230769231 0.3932692307692308 0.035897435897435895 0.04038461538461539
2 0.925 0.43942307692307697 0.03974358974358974 0.04423076923076923
2 0.8006410256410257 0.4076923076923077 0.052564102564102565 0.057692307692307696
2 0.7576923076923077 0.36730769230769234 0.035897435897435895 0.04230769230769231
2 0.6833333333333333 0.32884615384615384 0.028205128205128206 0.03076923076923077
2 0.632051282051282 0.42500000000000004 0.04358974358974359 0.05
2 0.5743589743589743 0.3826923076923077 0.038461538461538464 0.04230769230769231
2 0.5205128205128206 0.4480769230769231 0.04358974358974359 0.046153846153846156
2 0.4512820512820513 0.3942307692307693 0.04358974358974359 0.05
2 0.3858974358974359 0.46923076923076923 0.05128205128205128 0.05384615384615385
2 0.32756410256410257 0.48365384615384616 0.06025641025641026 0.06730769230769232
2 0.22692307692307692 0.4519230769230769 0.04871794871794872 0.06923076923076923
2 0.057692307692307696 0.45961538461538465 0.05897435897435897 0.057692307692307696
2 0.06666666666666667 0.3211538461538462 0.04358974358974359 0.04230769230769231
2 0.2608974358974359 0.3076923076923077 0.03717948717948718 0.038461538461538464
2 0.3525641025641026 0.2923076923076923 0.03076923076923077 0.026923076923076925
2 0.4564102564102564 0.23173076923076924 0.023076923076923078 0.025
2 0.6121794871794872 0.24423076923076925 0.02435897435897436 0.019230769230769232
2 0.4153846153846154 0.3144230769230769 0.028205128205128206 0.032692307692307694
2 0.5397435897435897 0.34615384615384615 0.028205128205128206 0.03461538461538462
2 0.5358974358974359 0.27403846153846156 0.02564102564102564 0.028846153846153848
2 0.5237179487179487 0.2355769230769231 0.026923076923076925 0.021153846153846155
1 0.9243589743589744 0.5375 0.10512820512820513 0.17500000000000002
1 0.7891025641025641 0.5586538461538462 0.12435897435897436 0.2519230769230769
1 0.6826923076923077 0.4173076923076923 0.06794871794871794 0.1653846153846154
1 0.5769230769230769 0.47019230769230774 0.08461538461538462 0.15576923076923077
1 0.5032051282051282 0.5788461538461539 0.11153846153846154 0.24615384615384617
1 0.3858974358974359 0.614423076923077 0.1 0.2519230769230769
1 0.3153846153846154 0.6384615384615385 0.1358974358974359 0.2730769230769231
1 0.2282051282051282 0.5903846153846154 0.1282051282051282 0.2653846153846154
1 0.06794871794871794 0.5951923076923077 0.11025641025641025 0.2826923076923077
1 0.3525641025641026 0.3375 0.05384615384615385 0.0903846153846154
