0 0.913125 0.18208092485549132 0.051250000000000004 0.06358381502890173
0 0.87 0.20327552986512523 0.07 0.06358381502890173
0 0.649375 0.21676300578034682 0.058750000000000004 0.0674373795761079
0 0.54 0.233140655105973 0.045 0.05394990366088632
0 0.498125 0.174373795761079 0.07125000000000001 0.09826589595375722
0 0.439375 0.21965317919075145 0.05375 0.057803468208092484
0 0.37375 0.2321772639691715 0.0375 0.05202312138728324
0 0.33375 0.22254335260115607 0.09 0.11368015414258188
0 0.26625 0.21676300578034682 0.0725 0.0789980732177264
0 0.1075 0.21290944123314065 0.0925 0.10597302504816955
0 0.1375 0.15510597302504817 0.0375 0.04431599229287091
1 0.9125 0.2745664739884393 0.0775 0.12909441233140656
1 0.860625 0.41329479768786126 0.13875 0.2909441233140655
1 0.65 0.37957610789980734 0.1 0.20423892100192678
1 0.555 0.3603082851637765 0.0575 0.1464354527938343
1 0.509375 0.38439306358381503 0.08875 0.2524084778420039
1 0.4475 0.3516377649325626 0.0625 0.2023121387283237
1 0.34375 0.44797687861271673 0.165 0.3140655105973025
1 0.245 0.41522157996146436 0.09 0.26011560693641617
3 0.64125 0.6859344894026975 0.1125 0.06551059730250482
3 0.558125 0.5895953757225434 0.03875 0.06165703275529865
3 0.43375 0.7090558766859345 0.0475 0.06165703275529865
3 0.7825 0.733140655105973 0.045 0.0789980732177264
