3 0.8237179487179487 0.8932692307692308 0.12435897435897436 0.07500000000000001
3 0.6717948717948717 0.8384615384615385 0.08717948717948718 0.17307692307692307
3 0.5743589743589743 0.8846153846153847 0.11538461538461539 0.06153846153846154
3 0.5173076923076924 0.8067307692307693 0.04487179487179487 0.125
3 0.49230769230769234 0.8875000000000001 0.06666666666666667 0.15576923076923077
3 0.4423076923076923 0.8471153846153847 0.05384615384615385 0.17115384615384616
3 0.4096153846153846 0.8807692307692309 0.04487179487179487 0.16923076923076924
3 0.3782051282051282 0.8557692307692308 0.05128205128205128 0.1807692307692308
3 0.3211538461538462 0.8259615384615385 0.06282051282051282 0.16346153846153846
3 0.7538461538461538 0.8788461538461539 0.035897435897435895 0.08461538461538462
2 0.3269230769230769 0.3355769230769231 0.05384615384615385 0.05961538461538462
0 0.808974358974359 0.25384615384615383 0.05641025641025641 0.08461538461538462
0 0.8076923076923077 0.21250000000000002 0.05384615384615385 0.051923076923076926
0 0.7461538461538462 0.24903846153846154 0.05384615384615385 0.05961538461538462
0 0.6711538461538461 0.2153846153846154 0.07564102564102564 0.07307692307692308
0 0.6237179487179487 0.2326923076923077 0.047435897435897434 0.05384615384615385
0 0.5871794871794872 0.25961538461538464 0.05641025641025641 0.06923076923076923
0 0.5801282051282052 0.22596153846153846 0.06794871794871794 0.06346153846153846
0 0.5333333333333333 0.1951923076923077 0.0641025641025641 0.06346153846153846
0 0.39807692307692305 0.26153846153846155 0.06538461538461539 0.06923076923076923
0 0.3301282051282051 0.25 0.06794871794871794 0.07692307692307693
0 0.22435897435897437 0.22884615384615387 0.07435897435897436 0.06538461538461539
1 0.8205128205128205 0.45480769230769236 0.11025641025641025 0.2711538461538462
