1 0.9145 0.4598930481283422 0.101 0.21746880570409982
1 0.7235 0.40909090909090906 0.107 0.2156862745098039
1 0.503 0.4037433155080214 0.112 0.26916221033868093
1 0.343 0.4215686274509804 0.1 0.24064171122994651
1 0.1255 0.3368983957219251 0.145 0.32085561497326204
2 0.183 0.16310160427807485 0.048 0.0837789661319073
2 0.34850000000000003 0.2905525846702317 0.051000000000000004 0.0606060606060606
2 0.51 0.2620320855614973 0.05 0.0641711229946524
2 0.7205 0.2825311942959002 0.049 0.0659536541889483
2 0.9095 0.3511586452762923 0.047 0.0641711229946524
