0 0.6318359375 0.2042459736456808 0.08984375 0.10395314787701318
0 0.478515625 0.2796486090775988 0.037109375 0.03806734992679356
0 0.443359375 0.2781844802342606 0.05078125 0.05856515373352855
0 0.19140625 0.17423133235724744 0.1328125 0.1054172767203514
1 0.67236328125 0.36822840409956076 0.1455078125 0.2562225475841874
1 0.48046875 0.4019033674963397 0.0703125 0.1390922401171303
1 0.44091796875 0.4407027818448024 0.0947265625 0.20790629575402636
1 0.18115234375 0.41654465592972184 0.1591796875 0.33821376281112736
2 0.64013671875 0.28111273792093705 0.0634765625 0.07613469985358712
2 0.443359375 0.32723279648609077 0.041015625 0.04538799414348463
2 0.1884765625 0.2679355783308931 0.1015625 0.09370424597364568
