0 0.7545833333333334 0.38740740740740737 0.0125 0.019259259259259257
1 0.8770833333333334 0.4037037037037037 0.01916666666666667 0.03407407407407407
1 0.7154166666666667 0.4162962962962963 0.0175 0.03259259259259259
1 0.5950000000000001 0.4755555555555555 0.016666666666666666 0.04148148148148148
1 0.5679166666666667 0.4666666666666666 0.037500000000000006 0.08296296296296296
1 0.4429166666666667 0.5548148148148148 0.06583333333333334 0.1822222222222222
1 0.27083333333333337 0.591111111111111 0.07 0.18074074074074073
1 0.17208333333333334 0.5622222222222222 0.06416666666666668 0.14666666666666667
1 0.66625 0.5903703703703703 0.060833333333333336 0.20888888888888887
3 0.6208333333333333 0.6029629629629629 0.015000000000000001 0.026666666666666665
3 0.5633333333333334 0.6133333333333333 0.03833333333333334 0.035555555555555556
2 0.7241666666666667 0.5318518518518518 0.045000000000000005 0.06518518518518518
2 0.6604166666666668 0.48666666666666664 0.030833333333333334 0.03407407407407407
2 0.5695833333333333 0.4237037037037037 0.0175 0.02074074074074074
2 0.4370833333333334 0.46888888888888886 0.030833333333333334 0.03407407407407407
2 0.2679166666666667 0.5066666666666666 0.03416666666666667 0.035555555555555556
2 0.17083333333333334 0.48518518518518516 0.03333333333333333 0.037037037037037035
2 0.9166666666666667 0.3711111111111111 0.065 0.07851851851851852
