0 0.3654545454545455 0.226775956284153 0.09090909090909091 0.11475409836065574
0 0.4909090909090909 0.09562841530054644 0.12363636363636364 0.12568306010928962
0 0.7963636363636364 0.13114754098360656 0.15272727272727274 0.20765027322404372
2 0.8036363636363636 0.3114754098360656 0.09454545454545454 0.12021857923497267
2 0.3709090909090909 0.29508196721311475 0.03636363636363636 0.06557377049180328
1 0.7872727272727272 0.5819672131147541 0.36727272727272725 0.6721311475409836
1 0.5472727272727272 0.46174863387978143 0.18545454545454546 0.4426229508196721
1 0.3654545454545455 0.4644808743169399 0.14909090909090908 0.31693989071038253
3 0.2963636363636364 0.8415300546448088 0.08363636363636363 0.12021857923497267
3 0.3981818181818182 0.8825136612021858 0.08363636363636363 0.12568306010928962
