2 0.30144404332129965 0.37912087912087916 0.1407942238267148 0.2197802197802198
2 0.5379061371841155 0.5851648351648352 0.10830324909747292 0.17032967032967034
2 0.6931407942238268 0.6895604395604397 0.09386281588447654 0.1043956043956044
2 0.7815884476534296 0.5192307692307693 0.09025270758122744 0.11538461538461539
2 0.8935018050541517 0.6208791208791209 0.06859205776173286 0.09890109890109891
0 0.2779783393501805 0.18131868131868134 0.21660649819494585 0.26373626373626374
0 0.5216606498194946 0.4120879120879121 0.1552346570397112 0.2417582417582418
0 0.6624548736462094 0.5714285714285715 0.13357400722021662 0.16483516483516486
0 0.7779783393501806 0.4285714285714286 0.1407942238267148 0.16483516483516486
0 0.8953068592057762 0.5274725274725275 0.12274368231046932 0.09890109890109891
1 0.5 0.7967032967032968 0.24909747292418774 0.3076923076923077
1 0.6967509025270758 0.8598901098901099 0.16606498194945848 0.30219780219780223
1 0.9025270758122744 0.8186813186813188 0.1516245487364621 0.3516483516483517
