0 0.6351351351351352 0.19072164948453607 0.17374517374517376 0.1958762886597938
0 0.4845559845559846 0.7087628865979382 0.08108108108108109 0.0979381443298969
0 0.08108108108108109 0.3917525773195876 0.06177606177606178 0.07216494845360824
0 0.333976833976834 0.5438144329896907 0.06563706563706564 0.06701030927835051
2 0.666023166023166 0.30927835051546393 0.1274131274131274 0.10309278350515463
1 0.6563706563706564 0.5695876288659794 0.3552123552123552 0.5
1 0.361003861003861 0.8195876288659794 0.22779922779922782 0.23711340206185566
1 0.4092664092664093 0.729381443298969 0.1312741312741313 0.4175257731958763
1 0.08301158301158301 0.4690721649484536 0.10424710424710425 0.13402061855670103
1 0.4092664092664093 0.5824742268041238 0.10810810810810811 0.10309278350515463
