3 0.1953125 0.8894582723279649 0.080078125 0.1595900439238653
3 0.15185546875 0.8587115666178624 0.0380859375 0.1390922401171303
3 0.42626953125 0.8089311859443631 0.0634765625 0.1595900439238653
3 0.35107421875 0.7840409956076135 0.0654296875 0.15373352855051245
3 0.314453125 0.8579795021961933 0.08984375 0.07320644216691069
3 0.26513671875 0.8667642752562226 0.0751953125 0.09663250366032211
0 0.2080078125 0.2130307467057101 0.091796875 0.10688140556368961
0 0.287109375 0.20351390922401172 0.08203125 0.11420204978038068
0 0.375 0.21522693997071743 0.068359375 0.10834553440702782
1 0.17333984375 0.41947291361639827 0.1142578125 0.28843338213762815
1 0.27392578125 0.40775988286969256 0.1162109375 0.2679355783308931
1 0.37548828125 0.3945827232796486 0.1357421875 0.2650073206442167
