0 0.19272727272727272 0.13114754098360656 0.10181818181818182 0.14207650273224043
0 0.3 0.16939890710382513 0.07636363636363637 0.08743169398907104
0 0.4036363636363636 0.23224043715846995 0.07272727272727272 0.10382513661202186
0 0.49454545454545457 0.19398907103825136 0.07272727272727272 0.10382513661202186
3 0.5818181818181818 0.8087431693989071 0.07272727272727272 0.16393442622950818
3 0.5109090909090909 0.7814207650273224 0.08363636363636363 0.12021857923497267
3 0.19090909090909092 0.9207650273224044 0.18545454545454546 0.14754098360655737
3 0.32545454545454544 0.8087431693989071 0.07636363636363637 0.12021857923497267
3 0.2509090909090909 0.855191256830601 0.06545454545454546 0.14754098360655737
3 0.39454545454545453 0.7923497267759563 0.11272727272727273 0.13114754098360656
