0 0.5040625 0.24414245548266167 0.19187500000000002 0.2521087160262418
0 0.2625 0.3556701030927835 0.165 0.22586691658856609
0 0.7534375 0.26897844423617623 0.193125 0.2624179943767573
0 0.5971875 0.338331771321462 0.039375 0.1949390815370197
2 0.7262500000000001 0.38612933458294285 0.15125 0.1443298969072165
2 0.46125 0.323805060918463 0.1475 0.16026241799437677
2 0.24531250000000002 0.4878163074039363 0.138125 0.14901593252108716
1 0.240625 0.7558575445173383 0.29125 0.49390815370196817
1 0.5084375 0.7061855670103093 0.244375 0.5782567947516402
1 0.76125 0.7380506091846298 0.2525 0.5201499531396439
