0 0.7190170940170941 0.058823529411764705 0.13034188034188035 0.09019607843137255
0 0.6047008547008548 0.07352941176470588 0.11111111111111112 0.08039215686274509
0 0.46153846153846156 0.061764705882352944 0.13247863247863248 0.07647058823529412
0 0.2852564102564103 0.05 0.14316239316239318 0.08039215686274509
1 0.22222222222222224 0.3411764705882353 0.2478632478632479 0.39215686274509803
1 0.4775641025641026 0.32156862745098036 0.2371794871794872 0.30196078431372547
1 0.8194444444444445 0.3392156862745098 0.28418803418803423 0.3411764705882353
1 0.6282051282051283 0.2901960784313725 0.19230769230769232 0.3058823529411765
3 0.6688034188034189 0.8245098039215686 0.12393162393162395 0.08431372549019608
3 0.8472222222222223 0.9303921568627451 0.11752136752136753 0.1
3 0.3301282051282052 0.8401960784313726 0.1260683760683761 0.08823529411764705
3 0.48076923076923084 0.8137254901960784 0.09401709401709403 0.09019607843137255
3 0.5801282051282052 0.7598039215686274 0.06623931623931624 0.06862745098039216
3 0.6591880341880343 0.7833333333333333 0.04914529914529915 0.056862745098039215
3 0.20726495726495728 0.8686274509803922 0.10683760683760685 0.09803921568627451
3 0.3023504273504274 0.7617647058823529 0.13034188034188035 0.060784313725490195
