0 0.7425 0.200625 0.16666666666666669 0.16375
0 0.5820833333333334 0.370625 0.060833333333333336 0.05375
0 0.2808333333333333 0.29125 0.09000000000000001 0.0825
0 0.1716666666666667 0.39875 0.08833333333333333 0.0625
0 0.36333333333333334 0.3725 0.06166666666666667 0.06
0 0.05041666666666667 0.3925 0.0625 0.0525
0 0.6770833333333334 0.3775 0.0675 0.0575
0 0.10458333333333333 0.41000000000000003 0.0625 0.0625
0 0.4033333333333334 0.40375 0.03166666666666667 0.055
0 0.4716666666666667 0.3625 0.10333333333333335 0.085
