2 0.21033333333333332 0.36159929701230226 0.06733333333333333 0.10808435852372583
2 0.2896666666666667 0.4753954305799648 0.06733333333333333 0.11423550087873462
2 0.37366666666666665 0.3914762741652021 0.06466666666666666 0.09753954305799648
2 0.48433333333333334 0.36906854130052724 0.057999999999999996 0.08787346221441124
2 0.6076666666666667 0.35237258347978906 0.048666666666666664 0.0843585237258348
2 0.6676666666666666 0.34182776801405973 0.04466666666666667 0.08963093145869946
2 0.6033333333333333 0.15685413005272406 0.04933333333333333 0.07644991212653778
2 0.6726666666666666 0.15992970123022845 0.04 0.06854130052724076
2 0.5136666666666666 0.18101933216168717 0.048666666666666664 0.0843585237258348
2 0.4056666666666667 0.27636203866432335 0.051333333333333335 0.08347978910369068
2 0.286 0.2601054481546573 0.058666666666666666 0.08963093145869946
2 0.269 0.35500878734622143 0.05533333333333333 0.10896309314586994
2 0.7056666666666667 0.3501757469244288 0.015333333333333332 0.07644991212653778
2 0.6973333333333334 0.12917398945518452 0.028 0.06151142355008787
