1 0.7734615384615384 0.4984309623430962 0.09461538461538462 0.19769874476987445
0 0.7623076923076924 0.30962343096234307 0.04923076923076923 0.03556485355648535
0 0.2623076923076923 0.38336820083682005 0.06153846153846154 0.04497907949790795
0 0.46 0.4728033472803347 0.038461538461538464 0.05648535564853556
3 0.14884615384615385 0.6119246861924685 0.023846153846153847 0.02719665271966527
3 0.18307692307692308 0.6072175732217573 0.027692307692307693 0.02615062761506276
3 0.5076923076923077 0.4382845188284518 0.013846153846153847 0.010460251046025104
3 0.4776923076923077 0.44351464435146437 0.013846153846153847 0.010460251046025104
3 0.3292307692307692 0.6234309623430961 0.013846153846153847 0.03347280334728033
3 0.34807692307692306 0.6244769874476986 0.016153846153846154 0.02719665271966527
