2 0.046632124352331605 0.5375 0.05699481865284974 0.06136363636363636
2 0.12629533678756477 0.5102272727272728 0.04792746113989638 0.056818181818181816
2 0.19818652849740934 0.5147727272727273 0.036269430051813475 0.05227272727272727
2 0.3963730569948187 0.4511363636363636 0.04145077720207254 0.056818181818181816
2 0.5038860103626943 0.4727272727272727 0.04922279792746114 0.06363636363636363
2 0.6651554404145078 0.3806818181818182 0.050518134715025906 0.05227272727272727
2 0.9158031088082902 0.3715909090909091 0.05699481865284974 0.09318181818181817
2 0.29468911917098445 0.4534090909090909 0.032383419689119175 0.038636363636363635
2 0.1949481865284974 0.4102272727272727 0.042746113989637305 0.03409090909090909
2 0.6003886010362695 0.42727272727272725 0.02979274611398964 0.049999999999999996
2 0.5511658031088084 0.4068181818181818 0.02979274611398964 0.04090909090909091
2 0.12176165803108809 0.4034090909090909 0.031088082901554404 0.038636363636363635
2 0.7551813471502591 0.4386363636363636 0.02849740932642487 0.06363636363636363
2 0.8737046632124352 0.41704545454545455 0.042746113989637305 0.07045454545454545
