0 0.8025000000000001 0.38055555555555554 0.04 0.04111111111111111
0 0.6887500000000001 0.3711111111111111 0.04416666666666667 0.04
0 0.6925 0.2338888888888889 0.035 0.03222222222222222
0 0.6012500000000001 0.23055555555555557 0.035833333333333335 0.03
0 0.5741666666666667 0.38722222222222225 0.03333333333333333 0.027777777777777776
0 0.5487500000000001 0.5261111111111111 0.04416666666666667 0.03888888888888889
0 0.4425 0.41 0.04166666666666667 0.03777777777777778
0 0.4891666666666667 0.3794444444444444 0.04166666666666667 0.043333333333333335
0 0.3433333333333334 0.40555555555555556 0.043333333333333335 0.044444444444444446
0 0.24416666666666667 0.38555555555555554 0.043333333333333335 0.03777777777777778
0 0.35958333333333337 0.18833333333333332 0.03916666666666667 0.04111111111111111
0 0.3745833333333334 0.042222222222222223 0.035833333333333335 0.03333333333333333
0 0.22125 0.1811111111111111 0.04083333333333333 0.042222222222222223
0 0.135 0.37166666666666665 0.043333333333333335 0.03666666666666667
0 0.6954166666666667 0.5616666666666666 0.04916666666666667 0.04555555555555556
1 0.8116666666666668 0.4955555555555556 0.08166666666666667 0.14888888888888888
1 0.6908333333333334 0.48277777777777775 0.07 0.1322222222222222
1 0.5675 0.4955555555555556 0.06666666666666667 0.13333333333333333
1 0.44625000000000004 0.5183333333333333 0.06916666666666667 0.1388888888888889
1 0.34500000000000003 0.5311111111111111 0.09000000000000001 0.15555555555555556
1 0.24625000000000002 0.5155555555555555 0.0825 0.1511111111111111
1 0.13375 0.5111111111111111 0.09916666666666667 0.16
1 0.21291666666666667 0.2961111111111111 0.07916666666666668 0.1388888888888889
1 0.35375 0.3005555555555556 0.07250000000000001 0.12777777777777777
1 0.3770833333333334 0.135 0.0675 0.09444444444444444
1 0.6008333333333333 0.3194444444444444 0.065 0.11222222222222222
1 0.6975 0.32611111111111113 0.07500000000000001 0.10777777777777778
1 0.5516666666666667 0.6461111111111111 0.07666666666666667 0.13666666666666666
1 0.6987500000000001 0.6677777777777778 0.08416666666666667 0.12222222222222222
1 0.4920833333333334 0.47833333333333333 0.0675 0.12111111111111111
3 0.31958333333333333 0.7527777777777778 0.0325 0.04777777777777778
