3 0.6330882352941176 0.9013513513513514 0.03676470588235294 0.10540540540540541
3 0.7242647058823529 0.9027027027027028 0.0661764705882353 0.11891891891891893
3 0.8617647058823529 0.8716216216216217 0.061764705882352944 0.0945945945945946
3 0.9610294117647059 0.8972972972972973 0.060294117647058824 0.0972972972972973
3 0.7786764705882353 0.7297297297297298 0.027941176470588233 0.06486486486486487
3 0.8316176470588236 0.7351351351351352 0.045588235294117645 0.06486486486486487
3 0.5764705882352941 0.727027027027027 0.032352941176470584 0.07567567567567568
3 0.6257352941176471 0.7337837837837838 0.030882352941176472 0.051351351351351354
3 0.5367647058823529 0.6054054054054054 0.023529411764705882 0.06486486486486487
3 0.5110294117647058 0.5337837837837838 0.022058823529411763 0.04594594594594595
3 0.20147058823529412 0.7054054054054054 0.032352941176470584 0.06486486486486487
1 0.9375 0.5648648648648649 0.09264705882352942 0.43783783783783786
1 0.8279411764705882 0.4594594594594595 0.08235294117647059 0.32432432432432434
1 0.6955882352941176 0.5432432432432432 0.09705882352941177 0.4594594594594595
1 0.6661764705882353 0.5297297297297298 0.15588235294117647 0.4864864864864865
1 0.638235294117647 0.6432432432432433 0.0 0.0
1 0.5647058823529412 0.40810810810810816 0.047058823529411764 0.24324324324324326
1 0.5463235294117647 0.3986486486486487 0.08088235294117647 0.26216216216216215
1 0.5514705882352942 0.45675675675675675 0.0 0.0
1 0.34852941176470587 0.4648648648648649 0.12352941176470589 0.32432432432432434
1 0.08308823529411764 0.4648648648648649 0.12205882352941176 0.41621621621621624
1 0.1801470588235294 0.40540540540540543 0.07794117647058824 0.34594594594594597
1 0.26691176470588235 0.3689189189189189 0.04852941176470588 0.25135135135135134
1 0.22352941176470587 0.3932432432432433 0.05 0.26216216216216215
2 0.9485294117647058 0.32432432432432434 0.029411764705882353 0.06486486486486487
2 0.8404411764705882 0.28243243243243243 0.030882352941176472 0.04594594594594595
2 0.7044117647058823 0.28918918918918923 0.03823529411764706 0.05405405405405406
2 0.5683823529411764 0.2608108108108108 0.022058823529411763 0.03513513513513514
2 0.5389705882352941 0.24054054054054055 0.016176470588235292 0.02702702702702703
2 0.33308823529411763 0.25810810810810814 0.030882352941176472 0.062162162162162166
2 0.07720588235294118 0.21621621621621623 0.03676470588235294 0.05945945945945946
2 0.16691176470588234 0.22837837837837838 0.027941176470588233 0.04594594594594595
2 0.2125 0.23513513513513515 0.01911764705882353 0.03783783783783784
