3 0.06416666666666668 0.56125 0.03833333333333334 0.0325
3 0.08750000000000001 0.570625 0.03166666666666667 0.01875
3 0.10833333333333334 0.5875 0.04833333333333334 0.015
3 0.1391666666666667 0.598125 0.03833333333333334 0.02125
3 0.16208333333333336 0.610625 0.0425 0.02625
3 0.19 0.625 0.04833333333333334 0.0275
3 0.23125 0.6481250000000001 0.0475 0.02375
3 0.26083333333333336 0.669375 0.05333333333333334 0.02125
3 0.30583333333333335 0.6825 0.04833333333333334 0.025
3 0.3379166666666667 0.70625 0.05416666666666667 0.0275
3 0.39916666666666667 0.723125 0.05333333333333334 0.02625
3 0.43833333333333335 0.745625 0.07166666666666667 0.03375
3 0.4991666666666667 0.77 0.055 0.04
3 0.5337500000000001 0.79625 0.060833333333333336 0.03
3 0.6012500000000001 0.829375 0.05583333333333334 0.03625
3 0.645 0.8562500000000001 0.07166666666666667 0.0375
1 0.8575 0.535625 0.058333333333333334 0.67625
1 0.7454166666666667 0.535625 0.09916666666666667 0.6637500000000001
1 0.6370833333333333 0.528125 0.09083333333333334 0.59375
1 0.535 0.49125 0.095 0.5325
1 0.4241666666666667 0.424375 0.11 0.54875
1 0.32583333333333336 0.435625 0.085 0.46625
1 0.24791666666666667 0.4175 0.06416666666666668 0.425
1 0.17 0.395625 0.085 0.40625
1 0.10333333333333335 0.38625 0.04666666666666667 0.355
1 0.060000000000000005 0.36875 0.03833333333333334 0.3225
2 0.8495833333333334 0.174375 0.035833333333333335 0.043750000000000004
2 0.71625 0.17375000000000002 0.03416666666666667 0.055
2 0.63 0.20500000000000002 0.028333333333333335 0.0425
2 0.5204166666666667 0.19875 0.03416666666666667 0.045
2 0.40958333333333335 0.131875 0.037500000000000006 0.03875
2 0.3066666666666667 0.17875 0.03333333333333333 0.045
2 0.22666666666666668 0.17625 0.023333333333333334 0.035
2 0.14916666666666667 0.171875 0.030000000000000002 0.03125
2 0.10291666666666667 0.19187500000000002 0.01916666666666667 0.02875
2 0.06416666666666668 0.18875 0.028333333333333335 0.0275
