3 0.62890625 0.9266886326194399 0.068359375 0.09719934102141681
3 0.7216796875 0.9233937397034596 0.048828125 0.11037891268533773
3 0.5244140625 0.8179571663920923 0.07421875 0.11037891268533773
3 0.16064453125 0.8385502471169687 0.0673828125 0.13179571663920922
3 0.2333984375 0.7957166392092258 0.0859375 0.1186161449752883
3 0.06640625 0.8377265238879736 0.078125 0.12355848434925865
3 0.33984375 0.8121911037891268 0.046875 0.12520593080724876
3 0.38916015625 0.8130148270181219 0.0361328125 0.12026359143327842
3 0.57763671875 0.7973640856672158 0.0478515625 0.1186161449752883
3 0.83740234375 0.8113673805601318 0.0791015625 0.11367380560131796
2 0.81005859375 0.19604612850082373 0.0322265625 0.06589785831960461
2 0.4921875 0.24382207578253706 0.029296875 0.04612850082372323
1 0.71142578125 0.5749588138385503 0.1376953125 0.5733113673805601
1 0.859375 0.4901153212520593 0.09375 0.5189456342668863
1 0.55126953125 0.48599670510708404 0.1083984375 0.5107084019769358
1 0.3876953125 0.5321252059308073 0.125 0.43492586490939045
1 0.1064453125 0.5370675453047776 0.15625 0.45799011532125206
1 0.9638671875 0.30065897858319607 0.06640625 0.3970345963756178
3 0.97265625 0.5518945634266886 0.03515625 0.09225700164744646
