0 0.8231327800829875 0.4094579008073818 0.1275933609958506 0.12456747404844291
0 0.5280082987551867 0.5905420991926182 0.1016597510373444 0.12456747404844291
0 0.5819502074688797 0.3863898500576701 0.08713692946058091 0.11303344867358708
0 0.4346473029045643 0.3765859284890427 0.10580912863070539 0.10957324106113034
1 0.8283195020746889 0.35928489042675893 0.229253112033195 0.39100346020761245
1 0.6820539419087137 0.3373702422145329 0.18360995850622408 0.3448673587081892
1 0.5715767634854771 0.328719723183391 0.14107883817427386 0.3391003460207613
1 0.4699170124481328 0.34602076124567477 0.11410788381742738 0.29988465974625145
1 0.27385892116182575 0.34140715109573244 0.05394190871369295 0.265282583621684
1 0.20435684647302904 0.3391003460207613 0.0975103734439834 0.26297577854671284
1 0.11670124481327801 0.30853517877739334 0.08195020746887967 0.2502883506343714
3 0.08661825726141079 0.7635524798154556 0.06535269709543569 0.05997693194925029
3 0.12655601659751037 0.7797001153402537 0.06431535269709543 0.0530565167243368
3 0.16701244813278007 0.7335640138408305 0.0912863070539419 0.1453287197231834
3 0.21939834024896265 0.7450980392156863 0.07987551867219916 0.1384083044982699
