0 0.31857142857142856 0.19036144578313255 0.11142857142857143 0.13975903614457832
0 0.6964285714285714 0.21445783132530122 0.11571428571428571 0.11084337349397591
0 0.9 0.13493975903614458 0.09428571428571429 0.10602409638554218
0 0.7814285714285715 0.08795180722891567 0.10571428571428572 0.10843373493975905
0 0.5478571428571428 0.13493975903614458 0.10428571428571429 0.09156626506024097
0 0.07 0.25060240963855424 0.12571428571428572 0.15903614457831328
0 0.21571428571428572 0.26867469879518074 0.12 0.12771084337349398
0 0.6228571428571429 0.04457831325301205 0.10571428571428572 0.0746987951807229
0 0.4007142857142857 0.05783132530120483 0.08714285714285715 0.08674698795180724
0 0.16428571428571428 0.13012048192771086 0.10857142857142857 0.09156626506024097
0 0.40785714285714286 0.2168674698795181 0.07857142857142857 0.13012048192771086
1 0.4257142857142857 0.6771084337349398 0.3057142857142857 0.6168674698795181
0 0.9707142857142858 0.04337349397590362 0.06428571428571428 0.06746987951807229
0 0.47928571428571426 0.10240963855421688 0.07857142857142857 0.07951807228915664
