1 0.21428571428571427 0.5754310344827586 0.18285714285714286 0.5818965517241379
1 0.46285714285714286 0.5193965517241379 0.16 0.5387931034482758
1 0.6142857142857143 0.4547413793103448 0.10285714285714286 0.4525862068965517
1 0.76 0.46336206896551724 0.11428571428571428 0.4870689655172414
3 0.5357142857142857 0.8318965517241379 0.04285714285714286 0.06896551724137931
3 0.22 0.9331896551724138 0.05142857142857143 0.07327586206896551
3 0.7428571428571429 0.7370689655172413 0.08571428571428572 0.05172413793103448
3 0.6257142857142857 0.7133620689655172 0.05142857142857143 0.04741379310344827
3 0.38 0.8081896551724138 0.05142857142857143 0.06465517241379311
2 0.17 0.25 0.04857142857142857 0.06896551724137931
