1 0.933974358974359 0.5395061728395062 0.09358974358974359 0.4469135802469136
1 0.8397435897435898 0.5432098765432098 0.06923076923076923 0.3654320987654321
1 0.7705128205128206 0.5123456790123456 0.06923076923076923 0.35802469135802467
1 0.7185897435897436 0.49382716049382713 0.05512820512820513 0.35061728395061725
1 0.658974358974359 0.4901234567901234 0.06666666666666667 0.3382716049382716
1 0.5814102564102565 0.5012345679012346 0.0782051282051282 0.30123456790123454
1 0.2794871794871795 0.5419753086419753 0.07948717948717948 0.37777777777777777
1 0.11666666666666667 0.5419753086419753 0.08461538461538462 0.4567901234567901
1 0.367948717948718 0.545679012345679 0.06666666666666667 0.30617283950617286
1 0.4378205128205128 0.5580246913580247 0.057692307692307696 0.2074074074074074
1 0.514102564102564 0.49753086419753084 0.05897435897435897 0.27901234567901234
1 0.051923076923076926 0.5148148148148148 0.047435897435897434 0.4074074074074074
1 0.18205128205128204 0.49876543209876545 0.0641025641025641 0.3111111111111111
1 0.4371794871794872 0.4012345679012346 0.06923076923076923 0.09135802469135802
2 0.9192307692307692 0.28641975308641976 0.03333333333333333 0.044444444444444446
2 0.8314102564102565 0.3395061728395062 0.026923076923076925 0.027160493827160494
2 0.7666666666666667 0.31234567901234567 0.03076923076923077 0.027160493827160494
2 0.7128205128205128 0.3074074074074074 0.02564102564102564 0.03209876543209877
2 0.6519230769230769 0.30493827160493825 0.02435897435897436 0.037037037037037035
2 0.6160256410256411 0.29012345679012347 0.026923076923076925 0.03209876543209877
2 0.5826923076923077 0.3333333333333333 0.02435897435897436 0.0345679012345679
2 0.5198717948717949 0.34074074074074073 0.03205128205128205 0.02962962962962963
2 0.42948717948717946 0.3469135802469136 0.017948717948717947 0.027160493827160494
2 0.3717948717948718 0.2938271604938272 0.020512820512820513 0.0345679012345679
2 0.1737179487179487 0.3271604938271605 0.02435897435897436 0.03209876543209877
2 0.0673076923076923 0.2876543209876543 0.029487179487179487 0.037037037037037035
2 0.24358974358974358 0.3395061728395062 0.023076923076923078 0.03209876543209877
2 0.5006410256410256 0.31234567901234567 0.021794871794871794 0.03209876543209877
2 0.3057692307692308 0.3160493827160494 0.021794871794871794 0.02962962962962963
2 0.5538461538461539 0.3111111111111111 0.017948717948717947 0.02962962962962963
2 0.36730769230769234 0.37777777777777777 0.021794871794871794 0.03950617283950617
2 0.27884615384615385 0.34074074074074073 0.021794871794871794 0.02962962962962963
2 0.4307692307692308 0.44814814814814813 0.028205128205128206 0.046913580246913576
2 0.12243589743589743 0.2962962962962963 0.026923076923076925 0.03950617283950617
3 0.12435897435897436 0.8012345679012346 0.05384615384615385 0.046913580246913576
3 0.14871794871794872 0.7790123456790123 0.046153846153846156 0.046913580246913576
