0 0.8598130841121495 0.5218446601941747 0.03271028037383177 0.04368932038834951
0 0.7978971962616822 0.529126213592233 0.02570093457943925 0.04854368932038834
0 0.6495327102803737 0.5194174757281553 0.0 0.0
0 0.661214953271028 0.5339805825242718 0.02336448598130841 0.038834951456310676
0 0.5700934579439252 0.529126213592233 0.02336448598130841 0.04854368932038834
0 0.6133177570093458 0.529126213592233 0.03037383177570093 0.04854368932038834
0 0.7091121495327102 0.5072815533980582 0.03037383177570093 0.04368932038834951
0 0.7616822429906541 0.5266990291262136 0.02336448598130841 0.04368932038834951
0 0.34579439252336447 0.4951456310679611 0.02336448598130841 0.04854368932038834
0 0.5011682242990654 0.5194174757281553 0.02102803738317757 0.038834951456310676
0 0.17990654205607476 0.5072815533980582 0.02803738317757009 0.04368932038834951
0 0.29906542056074764 0.5339805825242718 0.02803738317757009 0.038834951456310676
0 0.42990654205607476 0.5412621359223301 0.02803738317757009 0.04368932038834951
0 0.25817757009345793 0.5364077669902912 0.02102803738317757 0.03398058252427184
0 0.37383177570093457 0.5048543689320388 0.018691588785046728 0.038834951456310676
1 0.8703271028037383 0.6383495145631067 0.053738317757009345 0.16019417475728154
1 0.8014018691588785 0.6334951456310679 0.04672897196261682 0.13106796116504854
1 0.7056074766355139 0.6262135922330097 0.04205607476635514 0.1262135922330097
1 0.616822429906542 0.6359223300970873 0.0514018691588785 0.14563106796116504
1 0.43224299065420557 0.6432038834951456 0.0514018691588785 0.12135922330097086
1 0.35514018691588783 0.6990291262135921 0.07009345794392523 0.30097087378640774
1 0.17873831775700932 0.7135922330097086 0.06775700934579439 0.2912621359223301
1 0.25934579439252337 0.6310679611650485 0.0514018691588785 0.11650485436893203
1 0.30140186915887845 0.6262135922330097 0.037383177570093455 0.1262135922330097
1 0.5070093457943925 0.6237864077669902 0.0514018691588785 0.13106796116504854
1 0.7605140186915887 0.6334951456310679 0.053738317757009345 0.1407766990291262
1 0.6577102803738317 0.6286407766990291 0.04439252336448598 0.12135922330097086
1 0.5841121495327103 0.7087378640776698 0.07009345794392523 0.2815533980582524
3 0.8971962616822429 0.866504854368932 0.02336448598130841 0.06310679611650485
3 0.6355140186915887 0.9029126213592232 0.02803738317757009 0.04854368932038834
