1 0.134 0.3395348837209302 0.172 0.4
1 0.32866666666666666 0.31046511627906975 0.18 0.36511627906976746
1 0.594 0.48023255813953486 0.08133333333333333 0.18372093023255814
1 0.7206666666666667 0.536046511627907 0.044 0.12790697674418605
1 0.6626666666666666 0.47325581395348837 0.048 0.17906976744186046
1 0.7673333333333333 0.5523255813953488 0.03333333333333333 0.10930232558139535
1 0.49133333333333334 0.44302325581395346 0.06799999999999999 0.2441860465116279
1 0.424 0.4197674418604651 0.07466666666666666 0.27674418604651163
3 0.39399999999999996 0.8953488372093024 0.044 0.06046511627906977
3 0.438 0.8686046511627907 0.036 0.06279069767441861
3 0.498 0.8476744186046512 0.030666666666666665 0.06279069767441861
3 0.4653333333333333 0.8674418604651163 0.029333333333333333 0.05116279069767442
3 0.22333333333333333 0.9337209302325581 0.03333333333333333 0.06744186046511627
3 0.6673333333333333 0.772093023255814 0.028 0.06046511627906977
3 0.6046666666666667 0.8151162790697675 0.025333333333333333 0.03488372093023256
3 0.7073333333333333 0.7395348837209302 0.02 0.03255813953488372
3 0.7313333333333333 0.7441860465116279 0.017333333333333333 0.027906976744186046
3 0.5766666666666667 0.8046511627906977 0.025333333333333333 0.04186046511627907
0 0.59 0.3186046511627907 0.04133333333333333 0.04186046511627907
