0 0.81 0.2397003745318352 0.0675 0.07865168539325842
0 0.5175 0.39232209737827717 0.0575 0.09176029962546817
0 0.62 0.33239700374531833 0.0525 0.0655430711610487
0 0.16375 0.2949438202247191 0.0575 0.06928838951310862
1 0.16 0.4606741573033708 0.08750000000000001 0.19101123595505617
1 0.604375 0.4681647940074906 0.15125 0.16479400749063672
1 0.860625 0.42696629213483145 0.14875 0.24344569288389514
1 0.645625 0.47191011235955055 0.07875 0.18352059925093633
3 0.828125 0.8604868913857678 0.06375 0.08426966292134831
3 0.885 0.8576779026217228 0.05 0.06367041198501873
3 0.5906250000000001 0.8352059925093633 0.07125000000000001 0.0599250936329588
3 0.10625 0.8117977528089888 0.055 0.05056179775280899
3 0.15812500000000002 0.8127340823970037 0.03625 0.0449438202247191
