1 0.5025 0.524547803617571 0.21071428571428572 0.5271317829457365
1 0.22714285714285715 0.6130490956072352 0.14714285714285713 0.36304909560723514
1 0.7175 0.7196382428940569 0.08214285714285714 0.24031007751937986
1 0.09178571428571429 0.6866925064599484 0.09785714285714285 0.3062015503875969
1 0.38607142857142857 0.6098191214470284 0.12071428571428572 0.43669250645994834
0 0.49535714285714283 0.07622739018087855 0.11642857142857142 0.1421188630490956
0 0.4017857142857143 0.17248062015503876 0.10642857142857143 0.10465116279069768
0 0.20214285714285715 0.2868217054263566 0.09857142857142857 0.09819121447028424
0 0.09142857142857143 0.4069767441860465 0.08571428571428572 0.11627906976744186
0 0.7139285714285715 0.5180878552971576 0.052142857142857144 0.056847545219638244
