3 0.02 0.2028125 0.01 0.020625
3 0.03333333333333333 0.205625 0.01 0.01
3 0.04916666666666667 0.204375 0.005833333333333334 0.00875
3 0.06291666666666668 0.19593750000000001 0.005833333333333334 0.013125
3 0.0825 0.2146875 0.018333333333333333 0.015625
3 0.10750000000000001 0.22125 0.01 0.01625
3 0.11770833333333335 0.2396875 0.014583333333333334 0.030625
3 0.14916666666666667 0.24625 0.0 0.0
3 0.16208333333333336 0.2740625 0.02416666666666667 0.055625
3 0.18875 0.225625 0.011666666666666667 0.0175
3 0.22625 0.2740625 0.025 0.043125000000000004
3 0.28395833333333337 0.2515625 0.019583333333333335 0.048125
3 0.31333333333333335 0.240625 0.021666666666666667 0.04125
2 0.11666666666666667 0.1434375 0.009166666666666667 0.014375
2 0.16125 0.1203125 0.015000000000000001 0.019375
2 0.22625 0.135 0.011666666666666667 0.02
2 0.28270833333333334 0.1328125 0.007916666666666667 0.009375
2 0.03854166666666667 0.144375 0.0037500000000000003 0.00625
