0 0.22115384615384615 0.19230769230769232 0.08653846153846154 0.07211538461538461
0 0.375 0.24879807692307691 0.08052884615384616 0.07692307692307693
0 0.49278846153846156 0.23798076923076922 0.07451923076923077 0.07091346153846154
0 0.6129807692307691 0.24879807692307691 0.06850961538461539 0.051682692307692304
0 0.7355769230769230 0.26322115384615385 0.07692307692307691 0.06490384615384616
1 0.22355769230769232 0.47475961538461536 0.17548076923076922 0.41466346153846156
1 0.375 0.5012019230769230 0.12139423076923077 0.3317307692307692
1 0.49038461538461536 0.484375 0.11899038461538460 0.28966346153846156
1 0.625 0.45913461538461536 0.15144230769230768 0.23918269230769232
1 0.7632211538461539 0.47475961538461536 0.16346153846153846 0.23918269230769232
3 0.16706730769230768 0.9459134615384616 0.0625 0.0985576923076923
3 0.23918269230769232 0.9435096153846154 0.0829326923076921 0.09375
3 0.8004807692307691 0.9423076923076921 0.056490384615384616 0.06850961538461539
3 0.7295673076923077 0.921875 0.06610576923076921 0.052884615384615384
3 0.6778846153846154 0.9459134615384616 0.04807692307692308 0.08173076923076923
3 0.5853365384615384 0.9278846153846154 0.0733173076923077 0.06610576923076923
3 0.5324519230769230 0.9471153846153846 0.08533653846153846 0.08173076923076923
3 0.4495192307692308 0.9507211538461539 0.057692307692307696 0.08774038461538461