1 0.8288888888888889 0.7783333333333334 0.2111111111111111 0.4266666666666667
1 0.975 0.43333333333333335 0.043333333333333335 0.09666666666666668
1 0.47055555555555556 0.4416666666666667 0.034444444444444444 0.08666666666666667
1 0.64 0.42750000000000005 0.03333333333333333 0.09166666666666667
1 0.5116666666666667 0.38083333333333336 0.025555555555555557 0.04833333333333334
1 0.8794444444444445 0.41833333333333333 0.04555555555555556 0.1
1 0.8477777777777777 0.36250000000000004 0.024444444444444446 0.06833333333333334
1 0.7516666666666667 0.38583333333333336 0.03 0.06833333333333334
1 0.044444444444444446 0.4658333333333334 0.028888888888888888 0.08166666666666667
1 0.18222222222222223 0.4008333333333334 0.024444444444444446 0.04833333333333334
3 0.545 0.6000000000000001 0.027777777777777776 0.02
3 0.4672222222222222 0.6066666666666667 0.01888888888888889 0.016666666666666666
3 0.29944444444444446 0.6191666666666668 0.021111111111111112 0.015000000000000001
3 0.14888888888888888 0.6108333333333333 0.02 0.028333333333333335
3 0.11777777777777777 0.6141666666666667 0.017777777777777778 0.018333333333333333
3 0.3611111111111111 0.6058333333333333 0.011111111111111112 0.035
