0 0.10111111111111111 0.10500000000000001 0.18444444444444444 0.18666666666666668
0 0.37222222222222223 0.45 0.25555555555555554 0.3666666666666667
0 0.6111111111111112 0.08583333333333334 0.2577777777777778 0.155
0 0.7394444444444445 0.1625 0.11 0.18166666666666667
0 0.87 0.3516666666666667 0.18666666666666668 0.22333333333333336
1 0.8688888888888889 0.795 0.24666666666666667 0.4
1 0.7522222222222222 0.7491666666666668 0.11333333333333333 0.48500000000000004
1 0.4161111111111111 0.8808333333333334 0.2877777777777778 0.22833333333333336
1 0.11611111111111111 0.7941666666666667 0.21888888888888888 0.395
2 0.09888888888888889 0.41833333333333333 0.13333333333333333 0.25333333333333335
2 0.43722222222222223 0.6366666666666667 0.10555555555555556 0.16666666666666669
2 0.6622222222222223 0.3091666666666667 0.09333333333333334 0.18833333333333335
2 0.8972222222222223 0.5208333333333334 0.09 0.13166666666666668
2 0.7311111111111112 0.3816666666666667 0.09111111111111111 0.14666666666666667
