0 0.4216666666666667 0.25833333333333336 0.0811111111111111 0.20333333333333334
0 0.43 0.4241666666666667 0.06222222222222222 0.11833333333333335
0 0.6822222222222222 0.27 0.10222222222222223 0.25
0 0.5883333333333334 0.45083333333333336 0.005555555555555556 0.008333333333333333
0 0.5633333333333334 0.43333333333333335 0.0044444444444444444 0.0033333333333333335
1 0.25 0.3841666666666667 0.21777777777777776 0.3916666666666667
1 0.4588888888888889 0.385 0.0 0.0033333333333333335
1 0.53 0.5366666666666667 0.14444444444444443 0.30333333333333334
1 0.6761111111111111 0.21500000000000002 0.11888888888888889 0.2833333333333333
1 0.8133333333333334 0.2991666666666667 0.19555555555555557 0.335
1 0.006666666666666666 0.445 0.008888888888888889 0.02666666666666667
1 0.5655555555555556 0.45583333333333337 0.008888888888888889 0.03166666666666667
1 0.6205555555555555 0.49083333333333334 0.01888888888888889 0.028333333333333335
3 0.7172222222222222 0.8241666666666667 0.023333333333333334 0.055
3 0.7288888888888889 0.8725 0.1111111111111111 0.08166666666666667
3 0.8022222222222222 0.9541666666666667 0.057777777777777775 0.08833333333333333
3 0.30277777777777776 0.9266666666666667 0.09 0.06333333333333334
3 0.24388888888888888 0.9700000000000001 0.06111111111111111 0.05333333333333334
