0 0.19166666666666668 0.1366666666666667 0.06333333333333334 0.06333333333333334
0 0.024444444444444446 0.32083333333333336 0.03777777777777778 0.055
0 0.4938888888888889 0.29333333333333333 0.03888888888888889 0.023333333333333334
1 0.6566666666666666 0.3075 0.1288888888888889 0.20833333333333334
1 0.37222222222222223 0.305 0.12 0.22
1 0.1761111111111111 0.3616666666666667 0.11444444444444445 0.25333333333333335
2 0.6355555555555555 0.15083333333333335 0.044444444444444446 0.055
2 0.4866666666666667 0.3358333333333334 0.02 0.035
2 0.38555555555555554 0.125 0.035555555555555556 0.060000000000000005
2 0.18222222222222223 0.19416666666666668 0.03111111111111111 0.065
2 0.27 0.3791666666666667 0.022222222222222223 0.03833333333333334
