0 0.8927777777777778 0.135 0.11 0.10333333333333335
0 0.4572222222222222 0.3375 0.04555555555555556 0.055
0 0.3527777777777778 0.3433333333333334 0.043333333333333335 0.043333333333333335
0 0.18444444444444444 0.4216666666666667 0.024444444444444446 0.03333333333333333
3 0.4633333333333333 0.9083333333333334 0.028888888888888888 0.05333333333333334
3 0.425 0.8308333333333334 0.03 0.10166666666666667
3 0.35833333333333334 0.8233333333333334 0.03666666666666667 0.06333333333333334
3 0.26222222222222225 0.76 0.035555555555555556 0.05666666666666667
3 0.185 0.7475 0.03222222222222222 0.03166666666666667
3 0.11833333333333333 0.7041666666666667 0.014444444444444444 0.015000000000000001
