1 0.33 0.7966666666666667 0.06 0.12000000000000001
1 0.44555555555555554 0.805 0.06888888888888889 0.14
1 0.5677777777777778 0.7991666666666667 0.07777777777777778 0.14833333333333334
1 0.14222222222222222 0.6283333333333334 0.042222222222222223 0.08
1 0.26611111111111113 0.6608333333333334 0.05 0.10166666666666667
1 0.31555555555555553 0.6208333333333333 0.026666666666666665 0.05166666666666667
1 0.7116666666666667 0.6016666666666667 0.021111111111111112 0.03333333333333333
1 0.8766666666666667 0.6175 0.022222222222222223 0.03833333333333334
1 0.9483333333333334 0.5941666666666667 0.016666666666666666 0.028333333333333335
1 0.07555555555555556 0.6066666666666667 0.022222222222222223 0.03333333333333333
2 0.1438888888888889 0.5850000000000001 0.016666666666666666 0.016666666666666666
2 0.9044444444444445 0.7725000000000001 0.02 0.021666666666666667
3 0.35777777777777775 0.9066666666666667 0.026666666666666665 0.04
3 0.2638888888888889 0.8666666666666667 0.03666666666666667 0.05
3 0.105 0.7733333333333334 0.01888888888888889 0.02666666666666667
