1 0.12944444444444445 0.5291666666666667 0.04555555555555556 0.10166666666666667
1 0.2594444444444444 0.43250000000000005 0.11444444444444445 0.21500000000000002
1 0.41444444444444445 0.51 0.042222222222222223 0.09666666666666668
1 0.5444444444444444 0.5591666666666667 0.042222222222222223 0.10500000000000001
1 0.5911111111111111 0.5358333333333334 0.06 0.11166666666666668
1 0.7077777777777777 0.5466666666666667 0.07555555555555556 0.13333333333333333
1 0.9727777777777777 0.5883333333333334 0.04555555555555556 0.11333333333333334
2 0.6761111111111111 0.48000000000000004 0.01888888888888889 0.023333333333333334
3 0.8566666666666667 0.8025000000000001 0.02 0.03166666666666667
3 0.3211111111111111 0.8958333333333334 0.05333333333333333 0.03833333333333334
3 0.20333333333333334 0.8866666666666667 0.028888888888888888 0.04
3 0.7894444444444444 0.7975000000000001 0.03666666666666667 0.025
3 0.3788888888888889 0.7341666666666667 0.028888888888888888 0.028333333333333335
3 0.7044444444444444 0.7766666666666667 0.028888888888888888 0.02
3 0.6188888888888889 0.76 0.02 0.03666666666666667
