0 0.18888888888888888 0.29333333333333333 0.03111111111111111 0.030000000000000002
0 0.2538888888888889 0.28250000000000003 0.03222222222222222 0.03166666666666667
0 0.3611111111111111 0.27166666666666667 0.028888888888888888 0.030000000000000002
0 0.43444444444444447 0.26 0.028888888888888888 0.02666666666666667
0 0.5305555555555556 0.18833333333333335 0.06555555555555556 0.06333333333333334
0 0.6977777777777778 0.19583333333333336 0.042222222222222223 0.04166666666666667
0 0.05333333333333333 0.18000000000000002 0.09777777777777778 0.10666666666666667
3 0.36944444444444446 0.5475 0.03666666666666667 0.028333333333333335
3 0.43833333333333335 0.5525 0.03222222222222222 0.035
3 0.6816666666666666 0.5441666666666667 0.016666666666666666 0.028333333333333335
3 0.7188888888888889 0.6308333333333334 0.024444444444444446 0.03833333333333334
3 0.9533333333333334 0.46 0.04 0.02666666666666667
3 0.49166666666666664 0.7541666666666668 0.058888888888888886 0.058333333333333334
3 0.5994444444444444 0.7291666666666667 0.03888888888888889 0.055
