0 0.11388888888888889 0.0975 0.043333333333333335 0.065
0 0.2672222222222222 0.09916666666666667 0.04777777777777778 0.05166666666666667
0 0.3372222222222222 0.39083333333333337 0.052222222222222225 0.095
0 0.63 0.10583333333333333 0.057777777777777775 0.07500000000000001
0 0.7505555555555555 0.125 0.07222222222222222 0.08
2 0.10166666666666667 0.13 0.03 0.060000000000000005
2 0.2816666666666667 0.14250000000000002 0.027777777777777776 0.05166666666666667
2 0.7244444444444444 0.18666666666666668 0.015555555555555555 0.06666666666666667
3 0.1111111111111111 0.5391666666666667 0.05555555555555555 0.035
3 0.21611111111111111 0.6025 0.03222222222222222 0.08833333333333333
3 0.5466666666666666 0.8008333333333334 0.04888888888888889 0.04833333333333334
3 0.6677777777777778 0.905 0.07111111111111111 0.10333333333333335
3 0.7277777777777777 0.8841666666666668 0.04 0.14166666666666666
3 0.7288888888888889 0.7866666666666667 0.04888888888888889 0.05
3 0.8666666666666667 0.7908333333333334 0.044444444444444446 0.11166666666666668
