1 0.06666666666666667 0.7666666666666667 0.07333333333333333 0.14333333333333334
1 0.36666666666666664 0.7575000000000001 0.051111111111111114 0.14500000000000002
1 0.4122222222222222 0.7658333333333334 0.044444444444444446 0.14833333333333334
1 0.4955555555555556 0.7325 0.04888888888888889 0.12833333333333335
1 0.5538888888888889 0.7508333333333334 0.027777777777777776 0.11833333333333335
1 0.9483333333333334 0.75 0.03666666666666667 0.06666666666666667
1 0.8672222222222222 0.5700000000000001 0.05444444444444444 0.10666666666666667
2 0.8683333333333333 0.4966666666666667 0.014444444444444444 0.02666666666666667
2 0.4911111111111111 0.6533333333333333 0.017777777777777778 0.023333333333333334
2 0.3827777777777778 0.6833333333333333 0.012222222222222223 0.02666666666666667
2 0.058333333333333334 0.6708333333333334 0.027777777777777776 0.03833333333333334
3 0.555 0.9583333333333334 0.05 0.05
3 0.9661111111111111 0.8916666666666667 0.025555555555555557 0.023333333333333334
3 0.6072222222222222 0.9441666666666667 0.027777777777777776 0.028333333333333335
