0 0.9705555555555555 0.5108333333333334 0.01888888888888889 0.025
0 0.8894444444444445 0.5125000000000001 0.023333333333333334 0.021666666666666667
0 0.7616666666666667 0.34750000000000003 0.04111111111111111 0.04833333333333334
0 0.68 0.48833333333333334 0.026666666666666665 0.03333333333333333
0 0.6255555555555555 0.37833333333333335 0.04 0.04
0 0.4638888888888889 0.06833333333333334 0.0811111111111111 0.09333333333333334
0 0.3927777777777778 0.1366666666666667 0.0811111111111111 0.07
0 0.24388888888888888 0.21083333333333334 0.07222222222222222 0.058333333333333334
0 0.15944444444444444 0.29750000000000004 0.06333333333333334 0.08166666666666667
1 0.9733333333333334 0.5750000000000001 0.035555555555555556 0.08333333333333334
1 0.8961111111111111 0.5900000000000001 0.04111111111111111 0.08666666666666667
1 0.7716666666666666 0.4966666666666667 0.07 0.16666666666666669
1 0.6872222222222222 0.5750000000000001 0.04111111111111111 0.10666666666666667
1 0.6288888888888889 0.5208333333333334 0.06444444444444444 0.165
1 0.4811111111111111 0.37833333333333335 0.12444444444444444 0.3566666666666667
1 0.37777777777777777 0.44083333333333335 0.07333333333333333 0.2916666666666667
1 0.29 0.4425 0.057777777777777775 0.24833333333333335
1 0.16333333333333333 0.4866666666666667 0.06666666666666667 0.22333333333333336
2 0.46444444444444444 0.16 0.057777777777777775 0.05666666666666667
2 0.7633333333333333 0.3925 0.035555555555555556 0.028333333333333335
2 0.39 0.22666666666666668 0.04888888888888889 0.07333333333333333
3 0.06222222222222222 0.9208333333333334 0.08222222222222222 0.058333333333333334
3 0.1527777777777778 0.9166666666666667 0.06777777777777778 0.06666666666666667
3 0.28055555555555556 0.9225000000000001 0.06111111111111111 0.055
3 0.49 0.9525 0.04888888888888889 0.065
3 0.5577777777777778 0.9616666666666668 0.044444444444444446 0.08
3 0.6022222222222222 0.8275 0.035555555555555556 0.05166666666666667
3 0.9011111111111111 0.7383333333333334 0.03111111111111111 0.030000000000000002
3 0.9777777777777777 0.7258333333333333 0.028888888888888888 0.03833333333333334
3 0.7755555555555556 0.8408333333333334 0.06888888888888889 0.06166666666666667
3 0.67 0.7991666666666667 0.02 0.058333333333333334
