0 0.85 0.7425 0.026666666666666665 0.028333333333333335
0 0.7366666666666667 0.7300000000000001 0.026666666666666665 0.030000000000000002
0 0.6427777777777778 0.7691666666666667 0.03 0.04166666666666667
0 0.38722222222222225 0.7841666666666667 0.021111111111111112 0.025
0 0.315 0.7866666666666667 0.021111111111111112 0.02666666666666667
0 0.055 0.7808333333333334 0.025555555555555557 0.028333333333333335
3 0.8411111111111111 0.9566666666666668 0.022222222222222223 0.03666666666666667
3 0.6577777777777778 0.9566666666666668 0.026666666666666665 0.016666666666666666
3 0.05444444444444444 0.9550000000000001 0.035555555555555556 0.016666666666666666
3 0.7244444444444444 0.9491666666666667 0.024444444444444446 0.011666666666666667
