3 0.17222222222222222 0.9191666666666667 0.07333333333333333 0.07500000000000001
3 0.38333333333333336 0.9125000000000001 0.051111111111111114 0.085
3 0.46111111111111114 0.9216666666666667 0.04666666666666667 0.04666666666666667
3 0.6044444444444445 0.925 0.06666666666666667 0.06666666666666667
3 0.6894444444444444 0.9066666666666667 0.09 0.08
3 0.8805555555555555 0.925 0.056666666666666664 0.09000000000000001
1 0.8038888888888889 0.5225000000000001 0.19666666666666666 0.29833333333333334
1 0.4811111111111111 0.5333333333333333 0.1622222222222222 0.32666666666666666
1 0.27444444444444444 0.5325000000000001 0.14666666666666667 0.26833333333333337
0 0.25722222222222224 0.33416666666666667 0.08777777777777777 0.10500000000000001
0 0.46055555555555555 0.62 0.11 0.08333333333333334
0 0.6172222222222222 0.6683333333333333 0.06555555555555556 0.09666666666666668
