0 0.9172222222222223 0.28583333333333333 0.05 0.03833333333333334
0 0.7216666666666667 0.3825 0.043333333333333335 0.04833333333333334
0 0.3111111111111111 0.38083333333333336 0.04666666666666667 0.05166666666666667
0 0.09 0.3275 0.06 0.058333333333333334
0 0.14944444444444444 0.7116666666666667 0.052222222222222225 0.09333333333333334
3 0.08 0.9208333333333334 0.09333333333333334 0.06833333333333334
3 0.255 0.9058333333333334 0.04555555555555556 0.03833333333333334
3 0.18611111111111112 0.9016666666666667 0.025555555555555557 0.04
3 0.30833333333333335 0.8700000000000001 0.07888888888888888 0.043333333333333335
3 0.4172222222222222 0.8625 0.04111111111111111 0.035
3 0.49666666666666665 0.8591666666666667 0.03333333333333333 0.04833333333333334
3 0.6077777777777778 0.8741666666666668 0.08222222222222222 0.03833333333333334
3 0.8977777777777778 0.915 0.10666666666666666 0.06333333333333334
