1 0.4738888888888889 0.6000000000000001 0.17 0.22
1 0.5894444444444444 0.3116666666666667 0.11666666666666667 0.2
1 0.8338888888888889 0.31333333333333335 0.13666666666666666 0.24000000000000002
1 0.7222222222222222 0.32333333333333336 0.08222222222222222 0.14666666666666667
1 0.20444444444444446 0.24416666666666667 0.1288888888888889 0.17833333333333334
1 0.13055555555555556 0.305 0.058888888888888886 0.13
2 0.8655555555555555 0.26 0.024444444444444446 0.030000000000000002
2 0.1827777777777778 0.19333333333333336 0.03222222222222222 0.04
3 0.905 0.7150000000000001 0.056666666666666664 0.04666666666666667
3 0.7294444444444445 0.7058333333333334 0.03888888888888889 0.058333333333333334
3 0.13166666666666665 0.6858333333333334 0.04555555555555556 0.11833333333333335
3 0.2877777777777778 0.6641666666666667 0.06222222222222222 0.058333333333333334
3 0.21611111111111111 0.6225 0.023333333333333334 0.03833333333333334
3 0.5933333333333334 0.6883333333333334 0.057777777777777775 0.04666666666666667
