0 0.1988888888888889 0.24083333333333334 0.07111111111111111 0.06833333333333334
0 0.29444444444444445 0.22333333333333336 0.07555555555555556 0.06666666666666667
0 0.6311111111111111 0.27166666666666667 0.06444444444444444 0.09000000000000001
0 0.8127777777777778 0.1375 0.07888888888888888 0.07500000000000001
1 0.8266666666666667 0.42500000000000004 0.17333333333333334 0.3566666666666667
1 0.6816666666666666 0.45833333333333337 0.13444444444444445 0.30333333333333334
1 0.295 0.4658333333333334 0.1388888888888889 0.305
1 0.1961111111111111 0.525 0.17444444444444446 0.35333333333333333
1 0.42666666666666664 0.09333333333333334 0.013333333333333332 0.03666666666666667
3 0.40555555555555556 0.9358333333333334 0.07777777777777778 0.055
3 0.615 0.8 0.0811111111111111 0.05333333333333334
3 0.7772222222222223 0.93 0.056666666666666664 0.08
