0 0.7811111111111111 0.2575 0.06444444444444444 0.065
0 0.14555555555555555 0.3125 0.04666666666666667 0.04166666666666667
0 0.08611111111111111 0.30250000000000005 0.03888888888888889 0.03833333333333334
0 0.9266666666666666 0.2783333333333334 0.03111111111111111 0.03333333333333333
1 0.6116666666666667 0.3666666666666667 0.056666666666666664 0.12000000000000001
1 0.6877777777777778 0.36750000000000005 0.051111111111111114 0.13166666666666668
1 0.6605555555555556 0.33666666666666667 0.03888888888888889 0.10333333333333335
1 0.8455555555555555 0.325 0.035555555555555556 0.10333333333333335
1 0.25333333333333335 0.39916666666666667 0.06444444444444444 0.14833333333333334
1 0.3672222222222222 0.39 0.03888888888888889 0.1
3 0.9294444444444444 0.6016666666666667 0.056666666666666664 0.043333333333333335
3 0.15388888888888888 0.7691666666666667 0.06111111111111111 0.04166666666666667
3 0.7194444444444444 0.9600000000000001 0.07888888888888888 0.05
3 0.8166666666666667 0.9275000000000001 0.03777777777777778 0.07166666666666667
3 0.056666666666666664 0.7066666666666667 0.03777777777777778 0.03666666666666667
3 0.8533333333333333 0.5941666666666667 0.028888888888888888 0.03166666666666667
