0 0.2111111111111111 0.5441666666666667 0.04666666666666667 0.03833333333333334
0 0.37722222222222224 0.5525 0.043333333333333335 0.028333333333333335
0 0.42444444444444446 0.5391666666666667 0.044444444444444446 0.035
0 0.7911111111111111 0.6816666666666668 0.05555555555555555 0.05333333333333334
0 0.765 0.55 0.043333333333333335 0.043333333333333335
0 0.7066666666666667 0.5741666666666667 0.04666666666666667 0.03833333333333334
0 0.6361111111111111 0.5700000000000001 0.03888888888888889 0.04
0 0.14333333333333334 0.5616666666666666 0.05555555555555555 0.04
3 0.185 0.9433333333333334 0.03888888888888889 0.030000000000000002
3 0.24055555555555555 0.9216666666666667 0.04777777777777778 0.030000000000000002
3 0.38166666666666665 0.9283333333333333 0.03222222222222222 0.030000000000000002
3 0.13333333333333333 0.9700000000000001 0.05333333333333333 0.030000000000000002
