0 0.21555555555555556 0.31083333333333335 0.057777777777777775 0.05166666666666667
0 0.38222222222222224 0.25916666666666666 0.06 0.058333333333333334
0 0.45 0.275 0.06 0.05666666666666667
0 0.6188888888888889 0.21416666666666667 0.06444444444444444 0.065
1 0.7922222222222223 0.4066666666666667 0.11777777777777777 0.22
1 0.6266666666666667 0.4316666666666667 0.1288888888888889 0.25
1 0.45944444444444443 0.48833333333333334 0.1322222222222222 0.24666666666666667
1 0.37166666666666665 0.4675 0.0811111111111111 0.21833333333333335
1 0.22611111111111112 0.5041666666666667 0.10555555555555556 0.225
3 0.29 0.895 0.026666666666666665 0.06666666666666667
3 0.22 0.9358333333333334 0.04 0.04833333333333334
3 0.40555555555555556 0.9391666666666667 0.03333333333333333 0.05166666666666667
3 0.4777777777777778 0.885 0.08222222222222222 0.17333333333333334
3 0.6222222222222222 0.9475 0.057777777777777775 0.05166666666666667
3 0.6911111111111111 0.9116666666666667 0.035555555555555556 0.08
3 0.8533333333333333 0.8858333333333334 0.03777777777777778 0.07500000000000001
3 0.7938888888888889 0.9 0.04111111111111111 0.06333333333333334
