3 0.06055555555555556 0.8891666666666668 0.07222222222222222 0.04166666666666667
3 0.175 0.8608333333333333 0.027777777777777776 0.045000000000000005
3 0.27555555555555555 0.8825000000000001 0.08 0.065
3 0.5005555555555555 0.8408333333333334 0.03222222222222222 0.04166666666666667
3 0.425 0.93 0.09444444444444444 0.03666666666666667
3 0.38666666666666666 0.8741666666666668 0.024444444444444446 0.03833333333333334
3 0.30833333333333335 0.8375 0.034444444444444444 0.03166666666666667
3 0.21833333333333332 0.8650000000000001 0.034444444444444444 0.03333333333333333
2 0.21611111111111111 0.3433333333333334 0.034444444444444444 0.08
2 0.28833333333333333 0.3416666666666667 0.03222222222222222 0.08
2 0.31833333333333336 0.3791666666666667 0.025555555555555557 0.065
0 0.04666666666666667 0.32833333333333337 0.06444444444444444 0.07
0 0.20666666666666667 0.2891666666666667 0.05555555555555555 0.06166666666666667
0 0.2738888888888889 0.29500000000000004 0.056666666666666664 0.06666666666666667
0 0.4166666666666667 0.3325 0.057777777777777775 0.08166666666666667
0 0.47888888888888886 0.33333333333333337 0.04666666666666667 0.05333333333333334
0 0.31722222222222224 0.3241666666666667 0.034444444444444444 0.05166666666666667
