0 0.895 0.17666666666666667 0.03222222222222222 0.05
0 0.8416666666666667 0.17916666666666667 0.034444444444444444 0.04833333333333334
0 0.7666666666666667 0.17833333333333334 0.03111111111111111 0.05666666666666667
0 0.6411111111111111 0.23 0.035555555555555556 0.06333333333333334
0 0.7061111111111111 0.1691666666666667 0.03 0.058333333333333334
0 0.475 0.19166666666666668 0.03222222222222222 0.05333333333333334
0 0.2311111111111111 0.21833333333333335 0.03111111111111111 0.04666666666666667
0 0.2872222222222222 0.2066666666666667 0.03 0.05333333333333334
3 0.1711111111111111 0.8083333333333333 0.04666666666666667 0.07666666666666667
3 0.23055555555555557 0.8250000000000001 0.052222222222222225 0.07333333333333333
3 0.2922222222222222 0.8191666666666667 0.04888888888888889 0.08166666666666667
3 0.41555555555555557 0.8183333333333334 0.042222222222222223 0.08333333333333334
3 0.5322222222222223 0.8208333333333334 0.05333333333333333 0.085
3 0.7011111111111111 0.8216666666666668 0.06444444444444444 0.08666666666666667
3 0.8494444444444444 0.8358333333333334 0.04555555555555556 0.05166666666666667
3 0.8022222222222222 0.8375 0.03111111111111111 0.04833333333333334
3 0.6455555555555555 0.8333333333333334 0.017777777777777778 0.05333333333333334
