0 0.8155555555555556 0.060000000000000005 0.09555555555555556 0.10666666666666667
0 0.6877777777777778 0.0975 0.044444444444444446 0.05166666666666667
0 0.5233333333333333 0.14583333333333334 0.008888888888888889 0.011666666666666667
0 0.6005555555555555 0.15333333333333335 0.0077777777777777776 0.01
0 0.49777777777777776 0.1366666666666667 0.017777777777777778 0.02
0 0.2838888888888889 0.09166666666666667 0.06555555555555556 0.07333333333333333
0 0.21388888888888888 0.35000000000000003 0.03 0.04666666666666667
0 0.14833333333333334 0.2675 0.0077777777777777776 0.021666666666666667
0 0.03277777777777778 0.1875 0.016666666666666666 0.018333333333333333
0 0.43833333333333335 0.15083333333333335 0.005555555555555556 0.008333333333333333
1 0.8594444444444445 0.2991666666666667 0.14777777777777779 0.32833333333333337
1 0.6766666666666666 0.2391666666666667 0.09111111111111111 0.18500000000000003
1 0.6144444444444445 0.18083333333333335 0.024444444444444446 0.03833333333333334
1 0.5222222222222223 0.18250000000000002 0.02 0.04833333333333334
1 0.48 0.1991666666666667 0.017777777777777778 0.07166666666666667
1 0.4361111111111111 0.17333333333333334 0.016666666666666666 0.02666666666666667
1 0.28555555555555556 0.2783333333333334 0.12666666666666668 0.21666666666666667
1 0.16166666666666665 0.39083333333333337 0.07888888888888888 0.10500000000000001
1 0.17888888888888888 0.2758333333333334 0.042222222222222223 0.035
1 0.03777777777777778 0.225 0.03333333333333333 0.04666666666666667
2 0.8111111111111111 0.14916666666666667 0.04666666666666667 0.04833333333333334
2 0.685 0.15416666666666667 0.03222222222222222 0.025
2 0.9011111111111111 0.14083333333333334 0.0044444444444444444 0.005
2 0.4961111111111111 0.1575 0.012222222222222223 0.011666666666666667
2 0.28833333333333333 0.15583333333333335 0.034444444444444444 0.035
2 0.2061111111111111 0.3716666666666667 0.014444444444444444 0.016666666666666666
3 0.8672222222222222 0.7716666666666667 0.043333333333333335 0.09666666666666668
3 0.7811111111111111 0.7100000000000001 0.06 0.06666666666666667
3 0.6677777777777778 0.4941666666666667 0.044444444444444446 0.055
3 0.325 0.6491666666666667 0.06111111111111111 0.095
3 0.12111111111111111 0.43583333333333335 0.024444444444444446 0.03833333333333334
3 0.18722222222222223 0.32583333333333336 0.025555555555555557 0.011666666666666667
3 0.4938888888888889 0.33666666666666667 0.03666666666666667 0.01
3 0.6138888888888889 0.2391666666666667 0.014444444444444444 0.015000000000000001
