0 0.095 0.14833333333333334 0.15 0.25333333333333335
0 0.14777777777777779 0.5433333333333333 0.04 0.07
0 0.23833333333333334 0.5816666666666667 0.03 0.07333333333333333
0 0.30666666666666664 0.5591666666666667 0.028888888888888888 0.04833333333333334
0 0.415 0.3841666666666667 0.10333333333333333 0.19166666666666668
0 0.5694444444444444 0.6875 0.025555555555555557 0.04166666666666667
0 0.6444444444444445 0.4541666666666667 0.14444444444444443 0.22166666666666668
0 0.7894444444444444 0.3691666666666667 0.09888888888888889 0.14833333333333334
0 0.7438888888888889 0.49750000000000005 0.027777777777777776 0.05166666666666667
0 0.8177777777777778 0.8908333333333334 0.10888888888888888 0.2016666666666667
0 0.8622222222222222 0.5216666666666667 0.028888888888888888 0.05333333333333334
1 0.07 0.6758333333333334 0.12666666666666668 0.625
1 0.415 0.7416666666666667 0.17222222222222222 0.5066666666666667
1 0.6688888888888889 0.8366666666666667 0.18222222222222223 0.32
1 0.8005555555555556 0.665 0.1388888888888889 0.26666666666666666
1 0.5711111111111111 0.8016666666666667 0.04666666666666667 0.14666666666666667
