0 0.7761111111111111 0.11916666666666667 0.06333333333333334 0.06833333333333334
0 0.6505555555555556 0.14916666666666667 0.06555555555555556 0.07833333333333334
0 0.51 0.060833333333333336 0.06444444444444444 0.07166666666666667
0 0.4066666666666667 0.15166666666666667 0.06666666666666667 0.07333333333333333
0 0.29944444444444446 0.15416666666666667 0.06555555555555556 0.085
0 0.1988888888888889 0.08583333333333334 0.07555555555555556 0.07500000000000001
3 0.14333333333333334 0.9216666666666667 0.11777777777777777 0.05333333333333334
3 0.26222222222222225 0.9266666666666667 0.11777777777777777 0.07
3 0.3972222222222222 0.9541666666666667 0.07 0.08166666666666667
3 0.5027777777777778 0.9600000000000001 0.05 0.07333333333333333
3 0.5872222222222222 0.9408333333333334 0.10777777777777778 0.06166666666666667
3 0.7544444444444445 0.9500000000000001 0.10666666666666666 0.07
3 0.8477777777777777 0.9166666666666667 0.08888888888888889 0.06333333333333334
