0 0.7155555555555555 0.8783333333333334 0.035555555555555556 0.06666666666666667
0 0.3983333333333333 0.7933333333333333 0.03 0.03666666666666667
0 0.2838888888888889 0.7991666666666667 0.03888888888888889 0.05166666666666667
0 0.08055555555555556 0.5166666666666667 0.027777777777777776 0.043333333333333335
0 0.17 0.24583333333333335 0.017777777777777778 0.018333333333333333
0 0.22611111111111112 0.3125 0.012222222222222223 0.018333333333333333
0 0.185 0.28750000000000003 0.016666666666666666 0.015000000000000001
0 0.49666666666666665 0.3975 0.022222222222222223 0.021666666666666667
0 0.5483333333333333 0.4133333333333334 0.01888888888888889 0.02
0 0.6272222222222222 0.44 0.021111111111111112 0.043333333333333335
0 0.6577777777777778 0.4541666666666667 0.022222222222222223 0.03833333333333334
0 0.6777777777777778 0.4575 0.026666666666666665 0.03166666666666667
0 0.8477777777777777 0.4216666666666667 0.022222222222222223 0.030000000000000002
0 0.9072222222222223 0.5225000000000001 0.025555555555555557 0.045000000000000005
1 0.47444444444444445 0.445 0.04 0.06333333333333334
1 0.5383333333333333 0.47000000000000003 0.034444444444444444 0.07
3 0.31166666666666665 0.9700000000000001 0.03888888888888889 0.043333333333333335
3 0.67 0.7216666666666667 0.05555555555555555 0.03666666666666667
