3 0.4488888888888889 0.8391666666666667 0.028888888888888888 0.015000000000000001
3 0.7527777777777778 0.9316666666666668 0.11 0.060000000000000005
3 0.8377777777777777 0.905 0.06888888888888889 0.06666666666666667
3 0.21888888888888888 0.8400000000000001 0.015555555555555555 0.016666666666666666
3 0.03666666666666667 0.8616666666666667 0.006666666666666666 0.02
3 0.015555555555555555 0.8575 0.011111111111111112 0.025
2 0.16666666666666666 0.765 0.0044444444444444444 0.006666666666666667
1 0.7322222222222222 0.3216666666666667 0.12666666666666668 0.2566666666666667
1 0.4461111111111111 0.7050000000000001 0.03 0.07
1 0.51 0.7666666666666667 0.006666666666666666 0.016666666666666666
1 0.9766666666666667 0.6958333333333334 0.011111111111111112 0.021666666666666667
1 0.1527777777777778 0.77 0.016666666666666666 0.043333333333333335
1 0.07555555555555556 0.8033333333333333 0.011111111111111112 0.02666666666666667
1 0.22277777777777777 0.785 0.012222222222222223 0.03666666666666667
0 0.6811111111111111 0.14333333333333334 0.08222222222222222 0.11
0 0.4494444444444444 0.6633333333333333 0.016666666666666666 0.02
0 0.15833333333333333 0.7375 0.012222222222222223 0.015000000000000001
0 0.19111111111111112 0.7683333333333334 0.006666666666666666 0.01
0 0.12055555555555555 0.77 0.012222222222222223 0.016666666666666666
