0 0.12333333333333334 0.6066666666666667 0.03111111111111111 0.023333333333333334
0 0.2127777777777778 0.625 0.03 0.02
0 0.3466666666666667 0.62 0.03333333333333333 0.023333333333333334
0 0.28944444444444445 0.6316666666666667 0.03222222222222222 0.03333333333333333
0 0.43333333333333335 0.6225 0.03777777777777778 0.035
0 0.6744444444444444 0.6083333333333334 0.04 0.03333333333333333
0 0.78 0.6225 0.04 0.04166666666666667
0 0.8322222222222222 0.625 0.035555555555555556 0.043333333333333335
0 0.3705555555555556 0.6391666666666667 0.03888888888888889 0.028333333333333335
1 0.6666666666666666 0.6950000000000001 0.05333333333333333 0.12000000000000001
1 0.43333333333333335 0.7050000000000001 0.04888888888888889 0.1
1 0.3705555555555556 0.7283333333333334 0.04555555555555556 0.10666666666666667
1 0.2861111111111111 0.7075 0.052222222222222225 0.09166666666666667
3 0.03388888888888889 0.8683333333333334 0.043333333333333335 0.03333333333333333
3 0.08777777777777777 0.8641666666666667 0.024444444444444446 0.045000000000000005
3 0.135 0.8766666666666667 0.027777777777777776 0.023333333333333334
3 0.20666666666666667 0.8716666666666667 0.015555555555555555 0.05666666666666667
3 0.3416666666666667 0.9525 0.03888888888888889 0.025
3 0.42833333333333334 0.9500000000000001 0.03666666666666667 0.023333333333333334
3 0.4822222222222222 0.9241666666666667 0.03333333333333333 0.028333333333333335
3 0.3861111111111111 0.9141666666666667 0.021111111111111112 0.015000000000000001
3 0.6077777777777778 0.8758333333333334 0.026666666666666665 0.065
3 0.825 0.9600000000000001 0.03666666666666667 0.03333333333333333
3 0.7572222222222222 0.9516666666666668 0.03 0.03333333333333333
3 0.6833333333333333 0.9433333333333334 0.026666666666666665 0.07333333333333333
