0 0.6938888888888889 0.20333333333333334 0.09888888888888889 0.12000000000000001
0 0.5394444444444444 0.23333333333333334 0.03 0.03666666666666667
0 0.7344444444444445 0.7666666666666667 0.11777777777777777 0.12000000000000001
0 0.4711111111111111 0.615 0.07111111111111111 0.14666666666666667
0 0.31166666666666665 0.2575 0.0811111111111111 0.14833333333333334
0 0.27055555555555555 0.10666666666666667 0.09666666666666666 0.16
0 0.19166666666666668 0.12166666666666667 0.13 0.16333333333333333
1 0.7244444444444444 0.545 0.14666666666666667 0.4366666666666667
1 0.7961111111111111 0.9308333333333334 0.15 0.12833333333333335
1 0.14722222222222223 0.5766666666666667 0.17666666666666667 0.5900000000000001
1 0.5522222222222222 0.35750000000000004 0.051111111111111114 0.155
3 0.4855555555555556 0.9591666666666667 0.09777777777777778 0.07500000000000001
