0 0.46111111111111114 0.2541666666666667 0.04666666666666667 0.095
0 0.5811111111111111 0.10833333333333334 0.044444444444444446 0.1
0 0.6222222222222222 0.1 0.05333333333333333 0.12666666666666668
0 0.9327777777777778 0.11416666666666668 0.06333333333333334 0.12166666666666667
0 0.37444444444444447 0.23750000000000002 0.07111111111111111 0.115
0 0.6633333333333333 0.14166666666666666 0.05333333333333333 0.12333333333333334
2 0.6766666666666666 0.26833333333333337 0.028888888888888888 0.1366666666666667
2 0.9261111111111111 0.23500000000000001 0.034444444444444444 0.14666666666666667
2 0.02277777777777778 0.27083333333333337 0.03222222222222222 0.16833333333333333
3 0.9638888888888889 0.9516666666666668 0.058888888888888886 0.09000000000000001
