3 0.628 0.468 0.032 0.02
3 0.553 0.417 0.03 0.026000000000000002
3 0.438 0.463 0.028 0.018000000000000002
3 0.428 0.436 0.028 0.024
3 0.37 0.355 0.028 0.018000000000000002
3 0.761 0.125 0.034 0.022
3 0.657 0.136 0.026000000000000002 0.024
1 0.656 0.302 0.024 0.016
1 0.685 0.281 0.014 0.014
1 0.747 0.296 0.058 0.028
1 0.378 0.539 0.028 0.018000000000000002
1 0.626 0.641 0.024 0.022
1 0.5670000000000001 0.586 0.022 0.02
2 0.76 0.184 0.044 0.068
2 0.657 0.189 0.042 0.07
2 0.63 0.531 0.044 0.07
2 0.557 0.47600000000000003 0.034 0.064
2 0.423 0.516 0.034 0.088
2 0.381 0.417 0.034 0.078
