3 0.34500000000000003 0.28200000000000003 0.20600000000000002 0.212
3 0.652 0.125 0.28 0.202
3 0.78 0.273 0.132 0.13
3 0.9380000000000001 0.322 0.1 0.112
3 0.875 0.326 0.026000000000000002 0.048
2 0.304 0.735 0.28 0.534
2 0.657 0.6980000000000001 0.23 0.608
2 0.536 0.506 0.068 0.4
2 0.79 0.499 0.028 0.17
2 0.855 0.721 0.10200000000000001 0.466
2 0.9530000000000001 0.5720000000000001 0.082 0.292
2 0.882 0.432 0.044 0.076
0 0.34800000000000003 0.451 0.1 0.11
0 0.58 0.333 0.108 0.182
0 0.786 0.393 0.048 0.08600000000000001
