1 0.121 0.899 0.126 0.066
1 0.338 0.905 0.06 0.078
1 0.41500000000000004 0.8240000000000001 0.062 0.076
1 0.51 0.895 0.096 0.074
1 0.47600000000000003 0.838 0.044 0.06
1 0.58 0.891 0.048 0.07
1 0.661 0.877 0.054 0.038
1 0.7030000000000001 0.807 0.046 0.062
1 0.782 0.799 0.044 0.058
1 0.867 0.88 0.066 0.068
1 0.9530000000000001 0.791 0.05 0.058
0 0.081 0.263 0.03 0.042
0 0.356 0.195 0.052000000000000005 0.046
0 0.42 0.24 0.032 0.04
0 0.528 0.213 0.052000000000000005 0.066
0 0.593 0.224 0.042 0.056
0 0.721 0.233 0.046 0.042
0 0.837 0.225 0.038 0.062
2 0.088 0.419 0.124 0.258
2 0.327 0.364 0.11800000000000001 0.316
2 0.449 0.383 0.046 0.214
2 0.648 0.335 0.06 0.234
2 0.733 0.373 0.098 0.242
3 0.365 0.129 0.094 0.058
3 0.872 0.108 0.052000000000000005 0.068
3 0.728 0.17500000000000002 0.068 0.046
