0 0.11854838709677419 0.07666666666666667 0.06290322580645161 0.10666666666666667
0 0.2879032258064516 0.13333333333333333 0.06935483870967742 0.10666666666666667
0 0.3919354838709677 0.14 0.05806451612903226 0.1
0 0.6 0.12833333333333335 0.06774193548387097 0.11
0 0.7637096774193548 0.15166666666666667 0.056451612903225805 0.13
0 0.9467741935483871 0.15333333333333335 0.06129032258064516 0.10666666666666667
1 0.10725806451612903 0.34500000000000003 0.12419354838709677 0.3433333333333334
1 0.27419354838709675 0.41500000000000004 0.1032258064516129 0.42333333333333334
1 0.40725806451612906 0.42500000000000004 0.12741935483870967 0.3766666666666667
1 0.5935483870967742 0.405 0.13225806451612904 0.4033333333333334
1 0.7645161290322581 0.44 0.12903225806451613 0.43333333333333335
1 0.9467741935483871 0.43000000000000005 0.0967741935483871 0.3866666666666667
3 0.1338709677419355 0.8700000000000001 0.08709677419354839 0.1
3 0.27903225806451615 0.89 0.08064516129032258 0.05333333333333334
3 0.31048387096774194 0.8216666666666668 0.04032258064516129 0.06333333333333334
3 0.4104838709677419 0.9116666666666667 0.05 0.043333333333333335
3 0.5862903225806452 0.9400000000000001 0.06612903225806452 0.07333333333333333
3 0.9217741935483871 0.8533333333333334 0.06612903225806452 0.08
