0 0.7644787644787645 0.34615384615384615 0.08494208494208494 0.1076923076923077
0 0.5675675675675675 0.3 0.1312741312741313 0.13846153846153847
0 0.20656370656370657 0.43333333333333335 0.11196911196911197 0.13846153846153847
0 0.1640926640926641 0.2641025641025641 0.10424710424710425 0.09743589743589744
0 0.2876447876447876 0.441025641025641 0.08108108108108109 0.07179487179487179
0 0.42277992277992277 0.4 0.06563706563706564 0.06153846153846154
1 0.5270270270270271 0.6153846153846154 0.20463320463320464 0.38974358974358975
1 0.7702702702702703 0.5974358974358974 0.13513513513513514 0.3128205128205128
1 0.22393822393822393 0.6897435897435897 0.1776061776061776 0.2717948717948718
1 0.12162162162162163 0.5487179487179488 0.10424710424710425 0.38974358974358975
1 0.29150579150579153 0.6461538461538462 0.1274131274131274 0.2358974358974359
