0 0.872822299651568 0.30113636363636365 0.07317073170731707 0.09090909090909091
0 0.6846689895470384 0.3465909090909091 0.059233449477351915 0.10227272727272728
0 0.4930313588850174 0.3068181818181818 0.0313588850174216 0.045454545454545456
0 0.4181184668989547 0.32386363636363635 0.04878048780487805 0.05681818181818182
0 0.47735191637630664 0.3153409090909091 0.03484320557491289 0.03977272727272727
0 0.20209059233449478 0.34375 0.03484320557491289 0.03977272727272727
1 0.8867595818815331 0.49147727272727276 0.14982578397212543 0.2897727272727273
1 0.7038327526132404 0.5028409090909091 0.11846689895470383 0.2556818181818182
2 0.8745644599303136 0.3465909090909091 0.06968641114982578 0.06818181818181818
2 0.6968641114982579 0.38636363636363635 0.0627177700348432 0.06818181818181818
3 0.8902439024390244 0.8721590909090909 0.11498257839721254 0.11931818181818182
3 0.7264808362369338 0.8920454545454546 0.07317073170731707 0.11363636363636365
3 0.4965156794425087 0.75 0.06620209059233449 0.10227272727272728
3 0.4337979094076655 0.7755681818181819 0.08013937282229965 0.05113636363636364
3 0.35365853658536583 0.7642045454545455 0.06620209059233449 0.07386363636363637
