1 0.7612781954887218 0.4444444444444444 0.12406015037593984 0.2328042328042328
1 0.5244360902255639 0.4497354497354497 0.10902255639097744 0.2328042328042328
1 0.12781954887218044 0.4470899470899471 0.12781954887218044 0.20634920634920634
3 0.7406015037593985 0.8253968253968254 0.11278195488721804 0.08465608465608465
3 0.5 0.8465608465608465 0.11278195488721804 0.08465608465608465
3 0.3157894736842105 0.8544973544973544 0.09022556390977443 0.06878306878306878
3 0.13533834586466165 0.8518518518518519 0.08270676691729323 0.07407407407407407
0 0.7349624060150376 0.26455026455026454 0.07894736842105263 0.09523809523809523
0 0.31954887218045114 0.2698412698412698 0.09774436090225563 0.08465608465608465
0 0.12781954887218044 0.2671957671957672 0.08270676691729323 0.07936507936507936
2 0.14661654135338345 0.3201058201058201 0.03007518796992481 0.0582010582010582
2 0.30451127819548873 0.3412698412698413 0.045112781954887216 0.047619047619047616
2 0.5056390977443609 0.31216931216931215 0.02631578947368421 0.05291005291005291
2 0.7349624060150376 0.30952380952380953 0.03383458646616541 0.037037037037037035
