3 0.48697394789579157 0.8536231884057971 0.09619238476953906 0.06086956521739131
3 0.6022044088176353 0.8217391304347826 0.08216432865731463 0.05507246376811594
3 0.6953907815631262 0.8463768115942029 0.09218436873747494 0.0927536231884058
3 0.8887775551102204 0.7652173913043478 0.11022044088176351 0.0463768115942029
3 0.9468937875751502 0.8304347826086956 0.058116232464929855 0.07246376811594203
0 0.041082164328657314 0.2028985507246377 0.06613226452905811 0.10434782608695653
0 0.12024048096192384 0.20579710144927538 0.08817635270541081 0.09855072463768116
0 0.21342685370741482 0.2811594202898551 0.07014028056112225 0.07536231884057971
0 0.5350701402805611 0.27246376811594203 0.06012024048096192 0.06376811594202898
0 0.594188376753507 0.28695652173913044 0.04208416833667334 0.07536231884057971
0 0.6933867735470941 0.26666666666666666 0.06813627254509018 0.06956521739130435
0 0.906813627254509 0.32028985507246377 0.05410821643286573 0.06086956521739131
0 0.9649298597194388 0.30434782608695654 0.026052104208416832 0.07536231884057971
1 0.04008016032064128 0.5304347826086957 0.06412825651302605 0.3884057971014493
1 0.10220440881763526 0.46956521739130436 0.09218436873747494 0.3710144927536232
1 0.2124248496993988 0.48840579710144927 0.10420841683366733 0.26956521739130435
1 0.5080160320641283 0.45217391304347826 0.09819639278557113 0.23768115942028986
1 0.5891783567134268 0.4434782608695652 0.09218436873747494 0.19710144927536233
1 0.7164328657314629 0.4623188405797102 0.09418837675350701 0.2289855072463768
1 0.879759519038076 0.47246376811594204 0.08817635270541081 0.1855072463768116
1 0.9739478957915831 0.47391304347826085 0.044088176352705406 0.22318840579710145
