1 0.21604938271604937 0.6290322580645161 0.037037037037037035 0.14838709677419354
1 0.11419753086419752 0.6129032258064516 0.030864197530864196 0.1032258064516129
1 0.8688271604938271 0.6935483870967742 0.07716049382716049 0.1870967741935484
1 0.029320987654320986 0.5129032258064516 0.046296296296296294 0.1870967741935484
1 0.16666666666666666 0.6419354838709678 0.024691358024691357 0.08387096774193549
1 0.3966049382716049 0.6741935483870968 0.033950617283950615 0.12258064516129032
1 0.45370370370370366 0.6161290322580645 0.06790123456790123 0.1870967741935484
1 0.6280864197530864 0.667741935483871 0.046296296296296294 0.10967741935483871
1 0.691358024691358 0.8 0.08024691358024691 0.05161290322580645
0 0.040123456790123455 0.3064516129032258 0.05555555555555555 0.0967741935483871
0 0.07870370370370369 0.41935483870967744 0.046296296296296294 0.11612903225806452
0 0.10648148148148148 0.5096774193548387 0.033950617283950615 0.05161290322580645
0 0.22530864197530864 0.4935483870967742 0.037037037037037035 0.07096774193548387
0 0.4351851851851852 0.4483870967741935 0.04938271604938271 0.08387096774193549
0 0.3873456790123457 0.5580645161290323 0.040123456790123455 0.08387096774193549
0 0.6265432098765432 0.567741935483871 0.037037037037037035 0.06451612903225806
0 0.654320987654321 0.6967741935483871 0.037037037037037035 0.07741935483870968
0 0.8688271604938271 0.5516129032258065 0.046296296296296294 0.05806451612903226
0 0.8996913580246914 0.5451612903225806 0.027777777777777776 0.07096774193548387
