2 0.10410094637223974 0.34104046242774566 0.0473186119873817 0.06358381502890173
2 0.1695583596214511 0.35260115606936415 0.061514195583596214 0.08092485549132948
2 0.2886435331230284 0.34104046242774566 0.0694006309148265 0.10404624277456646
2 0.3470031545741325 0.361271676300578 0.031545741324921134 0.08092485549132948
2 0.40772870662460564 0.37572254335260113 0.029968454258675076 0.03468208092485549
2 0.5 0.2976878612716763 0.06309148264984227 0.10982658959537572
2 0.613564668769716 0.37572254335260113 0.05993690851735015 0.09248554913294797
2 0.7208201892744479 0.40173410404624277 0.050473186119873815 0.057803468208092484
2 0.8233438485804416 0.40895953757225434 0.044164037854889586 0.04913294797687861
2 0.8761829652996845 0.3945086705202312 0.04574132492113565 0.06647398843930635
2 0.9242902208201893 0.40028901734104044 0.031545741324921134 0.04335260115606936
2 0.9708201892744479 0.42919075144508667 0.02050473186119874 0.026011560693641616
2 0.9897476340694006 0.40462427745664736 0.02050473186119874 0.023121387283236993
2 0.6585173501577287 0.3858381502890173 0.011041009463722396 0.03757225433526011
2 0.6837539432176656 0.41184971098265893 0.02050473186119874 0.031791907514450865
1 0.0804416403785489 0.49277456647398843 0.07886435331230283 0.22832369942196531
1 0.14905362776025236 0.5332369942196532 0.08675078864353312 0.2398843930635838
1 0.2886435331230284 0.6517341040462428 0.1608832807570978 0.5346820809248555
1 0.3667192429022082 0.4754335260115607 0.04258675078864353 0.14161849710982657
1 0.4865930599369085 0.6127167630057803 0.14668769716088328 0.48554913294797686
1 0.6096214511041009 0.6170520231213873 0.12145110410094637 0.38439306358381503
1 0.7137223974763407 0.6257225433526011 0.10883280757097792 0.35549132947976875
1 0.8178233438485805 0.5563583815028902 0.08675078864353312 0.22832369942196531
1 0.8753943217665615 0.5838150289017341 0.07886435331230283 0.2543352601156069
1 0.9203470031545741 0.49710982658959535 0.03943217665615142 0.11560693641618497
3 0.8525236593059937 0.9407514450867052 0.07728706624605677 0.08959537572254335
3 0.7712933753943217 0.9566473988439306 0.05362776025236593 0.06358381502890173
