0 0.2309090909090909 0.1557377049180328 0.07636363636363637 0.09289617486338798
0 0.2927272727272727 0.20491803278688525 0.07636363636363637 0.09289617486338798
0 0.4072727272727273 0.20218579234972678 0.07272727272727272 0.07650273224043716
0 0.48363636363636364 0.14207650273224043 0.07272727272727272 0.09836065573770492
1 0.23272727272727273 0.40710382513661203 0.15272727272727274 0.3551912568306011
1 0.32545454545454544 0.4180327868852459 0.12 0.2896174863387978
1 0.4072727272727273 0.4098360655737705 0.10181818181818182 0.28415300546448086
1 0.4890909090909091 0.36885245901639346 0.12 0.2786885245901639
1 0.6909090909090909 0.2923497267759563 0.05818181818181818 0.09289617486338798
3 0.24 0.9289617486338798 0.14545454545454545 0.12021857923497267
3 0.49636363636363634 0.860655737704918 0.15636363636363637 0.11475409836065574
3 0.3290909090909091 0.8825136612021858 0.11272727272727273 0.08196721311475409
