3 0.12343749999999999 0.7141666666666667 0.103125 0.135
3 0.2526041666666667 0.7958333333333334 0.051041666666666666 0.09166666666666667
3 0.3421875 0.61 0.042708333333333334 0.12333333333333334
3 0.440625 0.685 0.06666666666666667 0.19333333333333336
3 0.6276041666666666 0.7508333333333334 0.07604166666666666 0.16166666666666668
3 0.7880208333333333 0.6208333333333333 0.05520833333333333 0.16833333333333333
3 0.5791666666666666 0.6041666666666667 0.025 0.021666666666666667
1 0.7244791666666667 0.09833333333333334 0.140625 0.19333333333333336
1 0.6125 0.29583333333333334 0.06458333333333333 0.14166666666666666
1 0.109375 0.15916666666666668 0.12708333333333333 0.24166666666666667
1 0.32760416666666664 0.10250000000000001 0.14479166666666665 0.18833333333333335
1 0.42135416666666664 0.25 0.040625 0.23
