0 0.11872909698996656 0.1636904761904762 0.18394648829431437 0.19642857142857142
0 0.2826086956521739 0.3005952380952381 0.06354515050167224 0.10119047619047619
0 0.47157190635451507 0.31845238095238093 0.05351170568561873 0.08928571428571427
0 0.6120401337792643 0.2976190476190476 0.046822742474916385 0.047619047619047616
0 0.7140468227424749 0.31845238095238093 0.06354515050167224 0.10119047619047619
0 0.7993311036789298 0.42857142857142855 0.033444816053511704 0.09523809523809523
0 0.8812709030100334 0.23511904761904762 0.17725752508361203 0.19642857142857142
1 0.13377926421404682 0.6845238095238095 0.1939799331103679 0.5833333333333333
1 0.28929765886287623 0.5744047619047619 0.13712374581939799 0.3273809523809524
1 0.4632107023411371 0.5625 0.13043478260869565 0.31547619047619047
1 0.6120401337792643 0.5386904761904762 0.10702341137123746 0.26785714285714285
1 0.705685618729097 0.5684523809523809 0.10702341137123746 0.27976190476190477
1 0.882943143812709 0.738095238095238 0.22073578595317725 0.4880952380952381
