3 0.44727272727272727 0.8169398907103825 0.10181818181818182 0.1366120218579235
3 0.8909090909090909 0.8989071038251366 0.12363636363636364 0.10382513661202186
3 0.22 0.7759562841530054 0.09818181818181818 0.09836065573770492
0 0.22545454545454546 0.1830601092896175 0.08 0.08196721311475409
0 0.4527272727272727 0.18579234972677597 0.09818181818181818 0.08743169398907104
0 0.8981818181818182 0.1994535519125683 0.08 0.10382513661202186
2 0.8836363636363637 0.27049180327868855 0.07272727272727272 0.08196721311475409
2 0.45454545454545453 0.2568306010928962 0.05818181818181818 0.08743169398907104
2 0.22 0.24863387978142076 0.05454545454545454 0.07103825136612021
1 0.23454545454545456 0.39617486338797814 0.14909090909090908 0.2896174863387978
1 0.4709090909090909 0.41530054644808745 0.15636363636363637 0.31693989071038253
