1 0.34750000000000003 0.37000000000000005 0.185 0.38
1 0.545 0.335 0.18 0.2833333333333333
1 0.68125 0.36833333333333335 0.14250000000000002 0.35000000000000003
0 0.36375 0.10500000000000001 0.0775 0.09000000000000001
0 0.56125 0.12333333333333334 0.0825 0.1
0 0.6637500000000001 0.11666666666666667 0.0925 0.1
3 0.2525 0.8583333333333334 0.085 0.08333333333333334
3 0.38875 0.8750000000000001 0.0575 0.06333333333333334
3 0.48125 0.8600000000000001 0.0725 0.05333333333333334
3 0.5650000000000001 0.8600000000000001 0.06 0.04666666666666667
3 0.64625 0.8883333333333334 0.0975 0.07
3 0.7262500000000001 0.8733333333333334 0.0625 0.06666666666666667
