1 0.7443946188340808 0.7050000000000001 0.34080717488789236 0.5833333333333334
2 0.6737668161434978 0.39666666666666667 0.19506726457399104 0.19333333333333336
1 0.17152466367713004 0.5216666666666667 0.16367713004484305 0.31
1 0.3475336322869955 0.48833333333333334 0.14798206278026907 0.31
1 0.4663677130044843 0.52 0.11659192825112108 0.22666666666666668
1 0.06053811659192825 0.4816666666666667 0.09417040358744394 0.33666666666666667
2 0.04596412556053812 0.255 0.06502242152466367 0.10333333333333335
2 0.14237668161434977 0.28833333333333333 0.051569506726457395 0.10333333333333335
2 0.3396860986547085 0.2916666666666667 0.07399103139013453 0.11
2 0.45964125560538116 0.3516666666666667 0.06278026905829596 0.09666666666666668
