1 0.180625 0.3598848368522073 0.12625 0.1785028790786948
1 0.22187500000000002 0.43761996161228406 0.18375 0.2571976967370441
1 0.4375 0.4625719769673704 0.17500000000000002 0.20345489443378117
1 0.691875 0.5038387715930902 0.16625 0.20153550863723607
0 0.18875 0.1890595009596929 0.0625 0.07485604606525911
0 0.26937500000000003 0.28119001919385794 0.08375 0.08637236084452975
0 0.47375 0.3550863723608445 0.08750000000000001 0.09980806142034548
0 0.620625 0.3790786948176583 0.08125 0.0710172744721689
3 0.14125000000000001 0.8560460652591171 0.0825 0.0690978886756238
3 0.179375 0.8157389635316699 0.051250000000000004 0.046065259117082535
3 0.238125 0.8589251439539347 0.07375 0.051823416506717845
3 0.368125 0.9165067178502879 0.04875 0.05950095969289827
3 0.4525 0.9203454894433781 0.0525 0.051823416506717845
3 0.63 0.8790786948176583 0.075 0.05758157389635316
3 0.726875 0.8752399232245681 0.04875 0.04990403071017274
