3 0.16727272727272727 0.7896174863387978 0.05818181818181818 0.07103825136612021
3 0.24 0.7377049180327869 0.05818181818181818 0.09836065573770492
0 0.2509090909090909 0.28415300546448086 0.02181818181818182 0.04371584699453552
0 0.3090909090909091 0.27049180327868855 0.02909090909090909 0.03825136612021858
0 0.38181818181818183 0.24863387978142076 0.02909090909090909 0.03825136612021858
0 0.2018181818181818 0.5273224043715847 0.03272727272727273 0.04918032786885246
0 0.18 0.5737704918032787 0.03272727272727273 0.04371584699453552
0 0.3890909090909091 0.6311475409836066 0.02181818181818182 0.0273224043715847
0 0.48727272727272725 0.6147540983606558 0.02181818181818182 0.03825136612021858
0 0.5745454545454546 0.5409836065573771 0.02909090909090909 0.03278688524590164
0 0.6254545454545455 0.5 0.02181818181818182 0.03825136612021858
0 0.6472727272727272 0.5027322404371585 0.02909090909090909 0.04371584699453552
0 0.6072727272727273 0.366120218579235 0.02909090909090909 0.03278688524590164
0 0.5618181818181818 0.412568306010929 0.03272727272727273 0.03825136612021858
0 0.52 0.44808743169398907 0.02909090909090909 0.03278688524590164
0 0.4727272727272727 0.4726775956284153 0.03636363636363636 0.04918032786885246
0 0.8181818181818182 0.39344262295081966 0.02909090909090909 0.04371584699453552
0 0.8472727272727273 0.3524590163934426 0.02909090909090909 0.03825136612021858
0 0.8763636363636363 0.3114754098360656 0.03636363636363636 0.04371584699453552
0 0.4072727272727273 0.5027322404371585 0.02909090909090909 0.04371584699453552
0 0.43454545454545457 0.4016393442622951 0.025454545454545455 0.03825136612021858
0 0.25272727272727274 0.5245901639344263 0.03272727272727273 0.04371584699453552
3 0.4018181818181818 0.8688524590163934 0.07636363636363637 0.09836065573770492
3 0.5872727272727273 0.7868852459016393 0.06909090909090909 0.08743169398907104
3 0.34363636363636363 0.7896174863387978 0.06181818181818182 0.08196721311475409
3 0.7581818181818182 0.6475409836065574 0.06909090909090909 0.08196721311475409
3 0.6436363636363637 0.7185792349726776 0.05818181818181818 0.08196721311475409
0 0.6781818181818182 0.319672131147541 0.025454545454545455 0.03825136612021858
0 0.72 0.2923497267759563 0.02909090909090909 0.03825136612021858
0 0.6581818181818182 0.35792349726775957 0.03636363636363636 0.03825136612021858
0 0.610909090909091 0.27049180327868855 0.02909090909090909 0.03825136612021858
0 0.49272727272727274 0.37158469945355194 0.025454545454545455 0.04371584699453552
