0 0.7586872586872587 0.7654639175257731 0.17374517374517376 0.3556701030927835
0 0.916988416988417 0.6443298969072165 0.13513513513513514 0.32989690721649484
0 0.23552123552123552 0.6134020618556701 0.11583011583011583 0.20618556701030927
0 0.3725868725868726 0.5489690721649484 0.10424710424710425 0.25257731958762886
0 0.5656370656370656 0.6804123711340206 0.14285714285714285 0.25773195876288657
0 0.16023166023166024 0.5489690721649484 0.11196911196911197 0.2422680412371134
0 0.5521235521235521 0.48195876288659795 0.08494208494208494 0.12886597938144329
0 0.5154440154440154 0.43556701030927836 0.09652509652509653 0.12886597938144329
0 0.4517374517374517 0.3582474226804124 0.05405405405405406 0.07731958762886598
0 0.04247104247104247 0.8195876288659794 0.0694980694980695 0.35051546391752575
3 0.3861003861003861 0.8865979381443299 0.11583011583011583 0.10309278350515463
0 0.8976833976833977 0.3711340206185567 0.11969111969111969 0.12371134020618557
0 0.7702702702702703 0.4639175257731959 0.09652509652509653 0.09278350515463918
0 0.6988416988416989 0.4690721649484536 0.23938223938223938 0.08247422680412371
0 0.6235521235521235 0.48711340206185566 0.0888030888030888 0.10824742268041238
0 0.584942084942085 0.3427835051546392 0.07335907335907337 0.07731958762886598
0 0.1447876447876448 0.27835051546391754 0.05791505791505792 0.061855670103092786
0 0.13513513513513514 0.327319587628866 0.0694980694980695 0.05670103092783505
0 0.20656370656370657 0.29381443298969073 0.04247104247104247 0.05154639175257732
0 0.2548262548262548 0.3015463917525773 0.05405405405405406 0.06701030927835051
0 0.32432432432432434 0.29896907216494845 0.05405405405405406 0.07216494845360824
0 0.38803088803088803 0.26804123711340205 0.06563706563706564 0.061855670103092786
0 0.47876447876447875 0.28350515463917525 0.03861003861003861 0.041237113402061855
0 0.0250965250965251 0.25257731958762886 0.02702702702702703 0.061855670103092786
0 0.03281853281853282 0.3247422680412371 0.06563706563706564 0.041237113402061855
0 0.24324324324324326 0.43556701030927836 0.0694980694980695 0.07731958762886598
