1 0.06591796875 0.3059895833333333 0.1318359375 0.25260416666666663
1 0.23779296875 0.39453125 0.1865234375 0.20572916666666666
1 0.390625 0.40625 0.1484375 0.171875
1 0.5556640625 0.43229166666666663 0.1484375 0.19270833333333331
1 0.64306640625 0.4837239583333333 0.1220703125 0.19661458333333331
1 0.75439453125 0.462890625 0.1533203125 0.25390625
1 0.8955078125 0.4661458333333333 0.20703125 0.4114583333333333
0 0.06689453125 0.13346354166666666 0.1259765625 0.12369791666666666
0 0.27783203125 0.24869791666666666 0.0810546875 0.07552083333333333
0 0.6611328125 0.32682291666666663 0.068359375 0.0625
0 0.728515625 0.30729166666666663 0.083984375 0.08333333333333333
0 0.8701171875 0.20833333333333331 0.12890625 0.10416666666666666
0 0.58056640625 0.2923177083333333 0.0693359375 0.06901041666666666
3 0.0400390625 0.982421875 0.076171875 0.03515625
3 0.13916015625 0.9791666666666666 0.0517578125 0.041666666666666664
3 0.23486328125 0.9407552083333333 0.1025390625 0.06380208333333333
3 0.3515625 0.89453125 0.076171875 0.0390625
3 0.4306640625 0.859375 0.080078125 0.03645833333333333
3 0.51953125 0.90234375 0.06640625 0.07291666666666666
3 0.55224609375 0.884765625 0.0595703125 0.05598958333333333
3 0.59033203125 0.9173177083333333 0.0849609375 0.061197916666666664
3 0.646484375 0.9915364583333333 0.109375 0.016927083333333332
