0 0.22193211488250653 0.08015267175572519 0.03655352480417755 0.08396946564885496
0 0.27676240208877284 0.10305343511450381 0.03655352480417755 0.08396946564885496
0 0.3772845953002611 0.0648854961832061 0.0391644908616188 0.08396946564885496
0 0.4425587467362924 0.05725190839694656 0.0391644908616188 0.06870229007633588
0 0.7663185378590078 0.07251908396946564 0.0391644908616188 0.06870229007633588
0 0.720626631853786 0.11832061068702289 0.03655352480417755 0.08396946564885496
0 0.6618798955613577 0.061068702290076333 0.0391644908616188 0.07633587786259542
0 0.608355091383812 0.05725190839694656 0.03655352480417755 0.08396946564885496
0 0.556135770234987 0.0648854961832061 0.03655352480417755 0.06870229007633588
0 0.5039164490861618 0.061068702290076333 0.04177545691906005 0.0916030534351145
3 0.20757180156657964 0.7862595419847328 0.044386422976501305 0.04580152671755725
3 0.2545691906005222 0.8015267175572519 0.02349869451697128 0.07633587786259542
3 0.2924281984334204 0.8091603053435115 0.03655352480417755 0.061068702290076333
3 0.3276762402088773 0.7786259541984732 0.05483028720626632 0.0916030534351145
3 0.360313315926893 0.8244274809160305 0.03655352480417755 0.061068702290076333
3 0.4060052219321149 0.8549618320610687 0.018276762402088774 0.030534351145038167
3 0.42428198433420367 0.8893129770992366 0.04960835509138381 0.05343511450381679
3 0.46344647519582244 0.916030534351145 0.0391644908616188 0.061068702290076333
3 0.5039164490861618 0.9198473282442747 0.04177545691906005 0.06870229007633588
3 0.5652741514360313 0.9045801526717557 0.044386422976501305 0.05343511450381679
3 0.5953002610966057 0.8473282442748091 0.020887728459530026 0.04580152671755725
3 0.6409921671018277 0.8435114503816794 0.044386422976501305 0.06870229007633588
3 0.7780678851174935 0.7557251908396946 0.04177545691906005 0.061068702290076333
3 0.6801566579634465 0.7862595419847328 0.0391644908616188 0.04580152671755725
3 0.7362924281984334 0.8473282442748091 0.01566579634464752 0.04580152671755725
3 0.7049608355091384 0.8091603053435115 0.04177545691906005 0.04580152671755725
1 0.2154046997389034 0.3549618320610687 0.04960835509138381 0.3282442748091603
1 0.2780678851174935 0.3702290076335878 0.06005221932114883 0.23664122137404578
1 0.3276762402088773 0.3244274809160305 0.0391644908616188 0.25190839694656486
1 0.3772845953002611 0.30916030534351147 0.05483028720626632 0.20610687022900762
1 0.4451697127937337 0.37404580152671757 0.04960835509138381 0.41221374045801523
1 0.5039164490861618 0.27099236641221375 0.06266318537859009 0.2213740458015267
1 0.5652741514360313 0.3015267175572519 0.044386422976501305 0.282442748091603
1 0.6148825065274152 0.2748091603053435 0.04960835509138381 0.2748091603053435
1 0.6710182767624021 0.3015267175572519 0.04699738903394256 0.29770992366412213
1 0.7219321148825065 0.35877862595419846 0.05483028720626632 0.2748091603053435
1 0.7689295039164491 0.3053435114503817 0.044386422976501305 0.24427480916030533
