3 0.26752767527675275 0.9327956989247312 0.12915129151291513 0.11290322580645162
3 0.533210332103321 0.9381720430107527 0.08487084870848709 0.0913978494623656
0 0.540590405904059 0.12365591397849464 0.0996309963099631 0.11827956989247312
0 0.32656826568265684 0.23655913978494625 0.06273062730627306 0.06451612903225806
1 0.2177121771217712 0.5779569892473119 0.2287822878228782 0.6290322580645161
1 0.32656826568265684 0.4838709677419355 0.1070110701107011 0.40860215053763443
1 0.5350553505535055 0.5645161290322581 0.17712177121771217 0.7204301075268817
1 0.8118081180811808 0.64247311827957 0.22140221402214022 0.7043010752688172
2 0.7490774907749077 0.2741935483870968 0.07380073800738007 0.06451612903225806
2 0.5479704797047971 0.20698924731182797 0.08487084870848709 0.06989247311827958
2 0.2177121771217712 0.2634408602150538 0.05904059040590406 0.05376344086021506
