3 0.685546875 0.9157608695652174 0.0546875 0.09239130434782608
3 0.783203125 0.9578804347826086 0.046875 0.0733695652173913
3 0.734375 0.8722826086956521 0.05859375 0.059782608695652176
1 0.2021484375 0.37092391304347827 0.134765625 0.23641304347826086
1 0.2763671875 0.6807065217391304 0.162109375 0.21467391304347824
1 0.35546875 0.3220108695652174 0.10546875 0.25271739130434784
1 0.52734375 0.6929347826086957 0.1328125 0.21739130434782608
1 0.466796875 0.4375 0.109375 0.31521739130434784
1 0.638671875 0.4184782608695652 0.171875 0.2554347826086956
1 0.8076171875 0.46875 0.142578125 0.3125
1 0.71484375 0.28396739130434784 0.08203125 0.14945652173913043
