0 0.8181818181818182 0.2717391304347826 0.09454545454545454 0.09782608695652173
0 0.9545454545454546 0.3179347826086956 0.07636363636363637 0.10326086956521739
0 0.5109090909090909 0.44021739130434784 0.07636363636363637 0.09782608695652173
0 0.3381818181818182 0.11684782608695651 0.09454545454545454 0.11413043478260869
0 0.07818181818181819 0.15489130434782608 0.09818181818181818 0.15760869565217392
0 0.19636363636363635 0.32608695652173914 0.02909090909090909 0.03260869565217391
1 0.8418181818181818 0.47554347826086957 0.14181818181818182 0.2554347826086956
1 0.9436363636363636 0.5679347826086957 0.10545454545454545 0.3532608695652174
1 0.1 0.34782608695652173 0.18545454545454546 0.31521739130434784
1 0.3181818181818182 0.3233695652173913 0.1709090909090909 0.29891304347826086
1 0.4090909090909091 0.40489130434782605 0.09090909090909091 0.21195652173913043
3 0.2672727272727273 0.779891304347826 0.09818181818181818 0.08152173913043478
3 0.7981818181818182 0.967391304347826 0.10545454545454545 0.07608695652173914
