3 0.3252941176470588 0.7478260869565218 0.07647058823529411 0.06086956521739131
3 0.31235294117647056 0.716304347826087 0.045882352941176464 0.041304347826086954
3 0.6917647058823528 0.9652173913043478 0.09647058823529411 0.06521739130434782
0 0.7005882352941176 0.16195652173913044 0.06470588235294117 0.08478260869565217
0 0.4529411764705882 0.15 0.021176470588235293 0.043478260869565216
0 0.2564705882352941 0.20978260869565218 0.0588235294117647 0.11521739130434783
1 0.6923529411764705 0.40652173913043477 0.18235294117647058 0.34347826086956523
1 0.7676470588235293 0.3847826086956522 0.06705882352941175 0.24347826086956523
1 0.34823529411764703 0.29239130434782606 0.18352941176470586 0.2673913043478261
1 0.2464705882352941 0.31521739130434784 0.12352941176470587 0.20434782608695654
1 0.4547058823529411 0.2108695652173913 0.04352941176470588 0.08260869565217391
