0 0.8647798742138365 0.22641509433962265 0.09433962264150944 0.12578616352201258
0 0.4591194968553459 0.25157232704402516 0.09433962264150944 0.12578616352201258
0 0.21226415094339623 0.1949685534591195 0.09748427672955975 0.12578616352201258
1 0.23742138364779874 0.4591194968553459 0.11006289308176101 0.3144654088050315
1 0.45754716981132076 0.5220125786163522 0.1729559748427673 0.37735849056603776
1 0.8710691823899371 0.5125786163522013 0.169811320754717 0.4088050314465409
0 0.139937106918239 0.27672955974842767 0.0660377358490566 0.11320754716981132
2 0.869496855345912 0.3144654088050315 0.05345911949685535 0.06289308176100629
2 0.4481132075471698 0.33333333333333337 0.05345911949685535 0.08805031446540881
2 0.1949685534591195 0.27672955974842767 0.050314465408805034 0.11320754716981132
