2 0.22444444444444445 0.3333333333333333 0.09333333333333334 0.06222222222222222
2 0.41333333333333333 0.31555555555555553 0.06222222222222222 0.05333333333333333
2 0.5355555555555556 0.36 0.057777777777777775 0.044444444444444446
2 0.6955555555555556 0.34 0.057777777777777775 0.04888888888888889
2 0.8266666666666667 0.3111111111111111 0.06222222222222222 0.044444444444444446
1 0.24 0.5 0.28444444444444444 0.30666666666666664
1 0.4022222222222222 0.43777777777777777 0.16444444444444445 0.24444444444444444
1 0.5266666666666666 0.4777777777777778 0.1288888888888889 0.24444444444444444
1 0.6911111111111111 0.45111111111111113 0.16444444444444445 0.2088888888888889
1 0.8311111111111111 0.42444444444444446 0.13333333333333333 0.19111111111111112
3 0.7888888888888889 0.6844444444444444 0.14666666666666667 0.08
3 0.6688888888888889 0.6844444444444444 0.13777777777777778 0.06222222222222222
3 0.5177777777777778 0.7422222222222222 0.1288888888888889 0.07111111111111111
