0 0.87841796875 0.26953125 0.2080078125 0.18229166666666666
0 0.6591796875 0.34830729166666663 0.107421875 0.14973958333333331
0 0.49462890625 0.21875 0.0634765625 0.057291666666666664
0 0.2509765625 0.236328125 0.111328125 0.08723958333333333
0 0.09912109375 0.16080729166666666 0.1904296875 0.16536458333333331
1 0.23828125 0.482421875 0.13671875 0.30859375
1 0.09033203125 0.5651041666666666 0.1767578125 0.5104166666666666
1 0.390625 0.50390625 0.07421875 0.12760416666666666
1 0.72998046875 0.5970052083333333 0.1435546875 0.36588541666666663
1 0.84521484375 0.740234375 0.3076171875 0.5221354166666666
3 0.28759765625 0.916015625 0.0927734375 0.07682291666666666
3 0.322265625 0.8541666666666666 0.083984375 0.049479166666666664
3 0.48828125 0.80859375 0.0703125 0.0625
3 0.56201171875 0.8255208333333333 0.0537109375 0.0703125
3 0.6162109375 0.9778645833333333 0.068359375 0.046875
