1 0.7783882783882784 0.5648648648648649 0.13553113553113552 0.16756756756756758
1 0.46886446886446886 0.5945945945945946 0.15384615384615385 0.24864864864864866
1 0.6227106227106227 0.5945945945945946 0.14652014652014653 0.23783783783783785
1 0.4010989010989011 0.5621621621621622 0.09157509157509157 0.22702702702702704
0 0.4652014652014652 0.42162162162162165 0.05128205128205128 0.07567567567567568
0 0.6263736263736264 0.4405405405405406 0.06593406593406594 0.08108108108108109
0 0.4230769230769231 0.40810810810810816 0.040293040293040296 0.05945945945945946
2 0.4633699633699634 0.4783783783783784 0.040293040293040296 0.04864864864864865
3 0.46703296703296704 0.9567567567567568 0.0989010989010989 0.10810810810810811
3 0.5476190476190477 0.9405405405405406 0.06227106227106227 0.07567567567567568
3 0.2893772893772894 0.8837837837837839 0.10989010989010989 0.08108108108108109
