0 0.292 0.3228228228228228 0.068 0.06906906906906907
0 0.366 0.32732732732732733 0.06 0.06006006006006006
0 0.192 0.3258258258258258 0.06 0.06906906906906907
0 0.46 0.2987987987987988 0.06 0.06306306306306306
0 0.558 0.3183183183183183 0.06 0.06606606606606606
0 0.654 0.3108108108108108 0.06 0.06906906906906907
0 0.715 0.2957957957957958 0.074 0.06906906906906907
0 0.319 0.5705705705705706 0.066 0.07807807807807808
0 0.492 0.5570570570570571 0.076 0.07507507507507508
3 0.186 0.9294294294294294 0.096 0.08708708708708708
3 0.734 0.9819819819819819 0.06 0.036036036036036036
1 0.191 0.545045045045045 0.082 0.23123123123123124
1 0.289 0.4954954954954955 0.094 0.1921921921921922
1 0.379 0.5630630630630631 0.074 0.26126126126126126
1 0.47000000000000003 0.47297297297297297 0.096 0.15315315315315314
1 0.5660000000000001 0.509009009009009 0.088 0.2012012012012012
1 0.654 0.509009009009009 0.068 0.22522522522522523
1 0.729 0.5225225225225225 0.074 0.26426426426426425
1 0.307 0.7852852852852853 0.134 0.26126126126126126
1 0.497 0.7882882882882882 0.14200000000000002 0.26126126126126126
