3 0.14130434782608695 0.9450549450549451 0.2318840579710145 0.07692307692307693
3 0.34057971014492755 0.9368131868131869 0.15942028985507248 0.09340659340659341
3 0.4963768115942029 0.9230769230769231 0.06521739130434782 0.09890109890109891
3 0.6539855072463768 0.9368131868131869 0.14130434782608695 0.08241758241758243
3 0.7717391304347826 0.8928571428571429 0.09420289855072464 0.09340659340659341
3 0.9130434782608696 0.8983516483516484 0.13043478260869565 0.1043956043956044
0 0.14855072463768115 0.14835164835164835 0.07246376811594203 0.08791208791208792
0 0.3278985507246377 0.2142857142857143 0.07608695652173914 0.06593406593406594
0 0.483695652173913 0.28571428571428575 0.07608695652173914 0.08791208791208792
0 0.6376811594202899 0.18956043956043958 0.07246376811594203 0.07142857142857144
0 0.769927536231884 0.22252747252747254 0.07608695652173914 0.09340659340659341
0 0.8931159420289855 0.25549450549450553 0.06159420289855073 0.07142857142857144
1 0.3315217391304348 0.4560439560439561 0.14130434782608695 0.27472527472527475
1 0.4927536231884058 0.4945054945054945 0.14492753623188406 0.26373626373626374
1 0.7807971014492754 0.45329670329670335 0.11956521739130435 0.25824175824175827
1 0.8913043478260869 0.4835164835164836 0.13768115942028986 0.26373626373626374
2 0.1539855072463768 0.22252747252747254 0.05434782608695652 0.06043956043956045
2 0.32608695652173914 0.29120879120879123 0.06521739130434782 0.07692307692307693
2 0.49094202898550726 0.3461538461538462 0.03985507246376812 0.04395604395604396
2 0.644927536231884 0.26373626373626374 0.06521739130434782 0.05494505494505495
2 0.7735507246376812 0.2802197802197802 0.04710144927536232 0.05494505494505495
2 0.8931159420289855 0.3241758241758242 0.04710144927536232 0.05494505494505495
