1 0.3956228956228956 0.3235294117647059 0.1111111111111111 0.32941176470588235
1 0.17845117845117844 0.29705882352941176 0.10101010101010101 0.2411764705882353
1 0.05387205387205387 0.2529411764705882 0.08754208754208753 0.2
3 0.4006734006734007 0.7941176470588235 0.13468013468013468 0.23529411764705882
3 0.1835016835016835 0.6558823529411765 0.0707070707070707 0.08823529411764705
3 0.07575757575757576 0.5735294117647058 0.08417508417508417 0.06470588235294117
0 0.8585858585858586 0.1264705882352941 0.15488215488215487 0.12352941176470589
0 0.38047138047138046 0.06470588235294117 0.07407407407407407 0.09411764705882353
0 0.1717171717171717 0.12352941176470589 0.06734006734006734 0.10588235294117647
0 0.0404040404040404 0.10882352941176471 0.04713804713804714 0.06470588235294117
2 0.8552188552188552 0.21764705882352942 0.10101010101010101 0.10588235294117647
2 0.39057239057239057 0.13529411764705881 0.0606060606060606 0.08235294117647059
2 0.15993265993265993 0.17941176470588235 0.057239057239057235 0.07647058823529412
