3 0.4056603773584906 0.6921052631578947 0.1849056603773585 0.19473684210526315
3 0.17735849056603772 0.8157894736842105 0.2188679245283019 0.16842105263157894
0 0.4528301886792453 0.23684210526315788 0.11320754716981132 0.1368421052631579
0 0.30377358490566037 0.37894736842105264 0.1018867924528302 0.17894736842105263
0 0.1018867924528302 0.3605263157894737 0.11320754716981132 0.15263157894736842
1 0.09056603773584906 0.5447368421052632 0.14339622641509434 0.33157894736842103
1 0.2962264150943396 0.48157894736842105 0.1471698113207547 0.2789473684210526
2 0.09245283018867925 0.4473684210526316 0.07924528301886792 0.07368421052631578
2 0.3 0.43684210526315786 0.07924528301886792 0.06315789473684211
2 0.4490566037735849 0.31052631578947365 0.06792452830188679 0.06315789473684211
