1 0.16293532338308458 0.7117537313432836 0.31094527363184077 0.5615671641791045
1 0.47139303482587064 0.8171641791044776 0.27611940298507465 0.3582089552238806
1 0.6424129353233831 0.6576492537313433 0.20024875621890548 0.6697761194029851
1 0.7723880597014925 0.7350746268656716 0.09950248756218905 0.5074626865671642
1 0.8718905472636815 0.7406716417910447 0.19651741293532338 0.5111940298507462
2 0.11629353233830846 0.36007462686567165 0.22512437810945274 0.2835820895522388
2 0.43283582089552236 0.5634328358208955 0.20149253731343283 0.21641791044776118
2 0.6156716417910447 0.27798507462686567 0.17164179104477612 0.208955223880597
2 0.7462686567164178 0.36847014925373134 0.09203980099502487 0.13246268656716417
2 0.8743781094527363 0.46921641791044777 0.12437810945273632 0.14365671641791045
0 0.13246268656716417 0.08208955223880597 0.25 0.14925373134328357
0 0.43345771144278605 0.3656716417910448 0.23507462686567163 0.291044776119403
0 0.6299751243781094 0.07182835820895522 0.19029850746268656 0.13246268656716417
0 0.7723880597014925 0.15578358208955223 0.11194029850746269 0.1884328358208955
0 0.8855721393034826 0.29011194029850745 0.14427860696517414 0.13992537313432835
0 0.9490049751243781 0.5559701492537313 0.08208955223880597 0.09701492537313433
