0 0.34519572953736655 0.38268156424581007 0.07829181494661921 0.11731843575418995
0 0.494661921708185 0.3240223463687151 0.05693950177935943 0.0893854748603352
0 0.594306049822064 0.3715083798882682 0.05693950177935943 0.07262569832402235
0 0.7900355871886121 0.5782122905027933 0.03558718861209964 0.06145251396648045
1 0.24021352313167257 0.547486033519553 0.20284697508896796 0.48044692737430167
1 0.44306049822064053 0.4748603351955307 0.11032028469750889 0.2569832402234637
1 0.5729537366548042 0.5586592178770949 0.09252669039145907 0.3240223463687151
1 0.7455516014234875 0.6201117318435755 0.08185053380782918 0.1340782122905028
3 0.23487544483985764 0.8547486033519553 0.22064056939501778 0.223463687150838
3 0.5854092526690391 0.7653631284916201 0.08185053380782918 0.1229050279329609
3 0.7491103202846975 0.7458100558659219 0.06761565836298931 0.08379888268156425
2 0.32028469750889677 0.4553072625698324 0.0498220640569395 0.08379888268156425
2 0.5871886120996441 0.41899441340782123 0.042704626334519574 0.0558659217877095
