0 0.26 0.31181619256017507 0.21666666666666667 0.19912472647702406
0 0.05 0.26805251641137856 0.09333333333333334 0.13785557986870897
0 0.07916666666666668 0.2636761487964989 0.11833333333333335 0.11159737417943107
0 0.15000000000000002 0.2921225382932166 0.05666666666666667 0.05908096280087527
0 0.3791666666666667 0.3238512035010941 0.12166666666666667 0.1137855579868709
0 0.4033333333333334 0.27461706783369805 0.08666666666666667 0.07658643326039387
0 0.46416666666666667 0.29321663019693656 0.04833333333333334 0.05689277899343545
0 0.5341666666666667 0.299781181619256 0.10166666666666667 0.1050328227571116
0 0.5625 0.2538293216630197 0.08166666666666667 0.087527352297593
0 0.6483333333333334 0.28665207877461707 0.09666666666666668 0.10940919037199125
0 0.7775000000000001 0.18599562363238512 0.18166666666666667 0.1575492341356674
0 0.915 0.2636761487964989 0.14666666666666667 0.1334792122538293
