0 0.6327272727272727 0.366120218579235 0.06545454545454546 0.08743169398907104
0 0.7890909090909091 0.35792349726775957 0.06545454545454546 0.060109289617486336
0 0.9363636363636364 0.39617486338797814 0.06181818181818182 0.07103825136612021
0 0.22 0.38524590163934425 0.06909090909090909 0.09289617486338798
0 0.32181818181818184 0.40710382513661203 0.06909090909090909 0.08196721311475409
0 0.38545454545454544 0.39617486338797814 0.05818181818181818 0.060109289617486336
0 0.4490909090909091 0.33879781420765026 0.05454545454545454 0.0546448087431694
0 0.056363636363636366 0.27049180327868855 0.06181818181818182 0.060109289617486336
0 0.05454545454545454 0.39617486338797814 0.07272727272727272 0.10382513661202186
0 0.26 0.27049180327868855 0.04 0.04918032786885246
0 0.34 0.226775956284153 0.025454545454545455 0.0273224043715847
0 0.5218181818181818 0.39344262295081966 0.05454545454545454 0.07650273224043716
0 0.4090909090909091 0.273224043715847 0.04727272727272727 0.07650273224043716
1 0.7945454545454546 0.546448087431694 0.12 0.25136612021857924
1 0.9254545454545454 0.5327868852459017 0.09818181818181818 0.1912568306010929
1 0.08363636363636363 0.6284153005464481 0.14545454545454545 0.33879781420765026
1 0.33636363636363636 0.6530054644808743 0.13454545454545455 0.3224043715846995
1 0.23636363636363636 0.5846994535519126 0.14545454545454545 0.273224043715847
1 0.5054545454545455 0.5737704918032787 0.10909090909090909 0.25136612021857924
2 0.6254545454545455 0.4180327868852459 0.05090909090909091 0.04918032786885246
2 0.7981818181818182 0.4098360655737705 0.04727272727272727 0.06557377049180328
2 0.52 0.44808743169398907 0.05090909090909091 0.0546448087431694
2 0.38 0.4672131147540984 0.04727272727272727 0.04918032786885246
2 0.3290909090909091 0.48360655737704916 0.06181818181818182 0.07103825136612021
2 0.22363636363636363 0.453551912568306 0.04727272727272727 0.06557377049180328
2 0.06545454545454546 0.4672131147540984 0.06545454545454546 0.04918032786885246
0 0.6818181818181818 0.2923497267759563 0.03272727272727273 0.03825136612021858
0 0.5581818181818182 0.24043715846994534 0.025454545454545455 0.04371584699453552
0 0.6090909090909091 0.21311475409836064 0.025454545454545455 0.02185792349726776
0 0.5727272727272728 0.3360655737704918 0.04727272727272727 0.07103825136612021
0 0.6345454545454545 0.36065573770491804 0.05454545454545454 0.07650273224043716
