0 0.10598705501618123 0.16875 0.07605177993527508 0.0825
0 0.313915857605178 0.12 0.07119741100323625 0.075
0 0.505663430420712 0.145 0.06957928802588997 0.075
0 0.6148867313915858 0.1525 0.07119741100323625 0.08
0 0.7936893203883496 0.20875 0.07605177993527508 0.0975
0 0.8988673139158576 0.18125 0.06634304207119741 0.0825
1 0.8082524271844661 0.45875 0.16990291262135923 0.3525
1 0.6156957928802589 0.40875 0.156957928802589 0.3175
1 0.5129449838187703 0.36125 0.1262135922330097 0.2775
1 0.3268608414239482 0.355 0.15533980582524273 0.305
3 0.07605177993527508 0.83625 0.05501618122977347 0.1475
3 0.16666666666666669 0.83375 0.07766990291262137 0.1275
3 0.2872168284789644 0.8612500000000001 0.06957928802588997 0.0925
3 0.38511326860841427 0.855 0.0744336569579288 0.095
3 0.47734627831715215 0.8562500000000001 0.042071197411003236 0.0725
3 0.5428802588996764 0.845 0.046925566343042076 0.05
3 0.5509708737864077 0.9187500000000001 0.10194174757281554 0.0775
3 0.6383495145631068 0.91625 0.06310679611650485 0.10250000000000001
3 0.7969255663430421 0.94625 0.07605177993527508 0.0725
3 0.86084142394822 0.9525 0.06796116504854369 0.085
3 0.9110032362459547 0.81 0.05825242718446602 0.11
3 0.830906148867314 0.7987500000000001 0.027508090614886734 0.1125
2 0.6092233009708738 0.24 0.05663430420711974 0.075
