0 0.131 0.22788761706555674 0.16666666666666666 0.21123829344432885
0 0.24483333333333332 0.20343392299687826 0.07766666666666666 0.10197710718002082
0 0.30783333333333335 0.2265868886576483 0.059666666666666666 0.0858480749219563
0 0.4405 0.1789802289281998 0.095 0.11446409989594174
0 0.6161666666666666 0.22918834547346517 0.089 0.1264308012486993
0 0.7696666666666666 0.16701352757544227 0.158 0.186264308012487
0 0.7128333333333333 0.1774193548387097 0.09766666666666667 0.1571279916753382
0 0.8845 0.23439125910509886 0.075 0.09417273673257025
1 0.4558333333333333 0.3824141519250781 0.20233333333333334 0.24557752341311137
1 0.6238333333333334 0.39776274713839754 0.15033333333333332 0.14932362122788764
1 0.7595 0.4391259105098856 0.29566666666666663 0.1592091571279917
1 0.8728333333333333 0.40296566077003126 0.13566666666666666 0.17325702393340273
