1 0.44 0.5136612021857924 0.08 0.15300546448087432
1 0.6072727272727273 0.4344262295081967 0.08 0.16939890710382513
1 0.8163636363636364 0.412568306010929 0.08363636363636363 0.16939890710382513
1 0.17636363636363636 0.39617486338797814 0.08363636363636363 0.16939890710382513
1 0.27454545454545454 0.23224043715846995 0.09090909090909091 0.15846994535519127
3 0.44181818181818183 0.7650273224043715 0.06909090909090909 0.07650273224043716
3 0.2818181818181818 0.4890710382513661 0.04 0.09289617486338798
0 0.2727272727272727 0.1284153005464481 0.04363636363636364 0.04918032786885246
0 0.2 0.29508196721311475 0.03636363636363636 0.06557377049180328
0 0.4690909090909091 0.40710382513661203 0.04363636363636364 0.04918032786885246
0 0.6363636363636364 0.33879781420765026 0.04363636363636364 0.07650273224043716
0 0.8054545454545454 0.30601092896174864 0.06181818181818182 0.06557377049180328
