0 0.17954545454545454 0.2727272727272727 0.12272727272727273 0.08484848484848485
0 0.625 0.2787878787878788 0.10454545454545454 0.13333333333333333
0 0.7704545454545454 0.31212121212121213 0.11363636363636363 0.10303030303030303
0 0.8931818181818182 0.28484848484848485 0.04090909090909091 0.06060606060606061
0 0.9318181818181818 0.3242424242424242 0.045454545454545456 0.05454545454545454
3 0.17272727272727273 0.9242424242424242 0.09999999999999999 0.09090909090909091
3 0.24318181818181817 0.8333333333333334 0.10454545454545454 0.06666666666666667
3 0.9613636363636363 0.8393939393939394 0.07727272727272727 0.11515151515151516
1 0.18181818181818182 0.49393939393939396 0.16363636363636364 0.23636363636363636
1 0.6318181818181818 0.48484848484848486 0.13636363636363635 0.24242424242424243
1 0.7795454545454545 0.5575757575757576 0.1409090909090909 0.26666666666666666
1 0.884090909090909 0.42424242424242425 0.07727272727272727 0.1696969696969697
1 0.9818181818181818 0.49393939393939396 0.03636363636363636 0.2
