1 0.17500000000000002 0.6862170087976539 0.134 0.15249266862170088
1 0.5640000000000001 0.47214076246334313 0.068 0.12316715542521994
1 0.552 0.36070381231671556 0.052000000000000005 0.093841642228739
1 0.458 0.5293255131964809 0.056 0.10263929618768329
1 0.181 0.6041055718475073 0.082 0.1348973607038123
1 0.314 0.5190615835777126 0.052000000000000005 0.07038123167155425
1 0.269 0.6026392961876833 0.054 0.06744868035190615
0 0.552 0.2844574780058651 0.032 0.04105571847507331
0 0.587 0.4032258064516129 0.03 0.03812316715542522
0 0.46900000000000003 0.41055718475073316 0.03 0.04105571847507331
0 0.481 0.4530791788856305 0.03 0.03812316715542522
0 0.335 0.5850439882697948 0.03 0.06744868035190615
0 0.341 0.4706744868035191 0.026000000000000002 0.03812316715542522
0 0.368 0.49266862170087977 0.024 0.04105571847507331
0 0.248 0.5439882697947214 0.048 0.06744868035190615
0 0.372 0.43548387096774194 0.024 0.04398826979472141
0 0.387 0.37976539589442815 0.026000000000000002 0.020527859237536656
