0 0.8049853372434017 0.24525547445255472 0.05571847507331378 0.058394160583941604
0 0.7023460410557185 0.31240875912408755 0.06158357771260997 0.07007299270072992
0 0.2561094819159335 0.3072992700729927 0.06842619745845552 0.08321167883211679
1 0.8118279569892473 0.4218978102189781 0.08699902248289346 0.20145985401459854
1 0.7448680351906158 0.49562043795620436 0.14271749755620725 0.25255474452554744
1 0.19696969696969696 0.47883211678832116 0.1652003910068426 0.2627737226277372
3 0.8137829912023461 0.7897810218978102 0.04398826979472141 0.10802919708029196
3 0.6911045943304008 0.7781021897810219 0.07429130009775171 0.12262773722627736
3 0.43841642228739003 0.8116788321167883 0.04594330400782014 0.06423357664233577
3 0.3548387096774194 0.8036496350364963 0.05865102639296188 0.10364963503649634
3 0.1520039100684262 0.8401459854014598 0.06744868035190615 0.14452554744525548
