0 0.26687500000000003 0.22420262664165103 0.07125000000000001 0.08442776735459662
0 0.530625 0.2795497185741088 0.07875 0.07879924953095685
0 0.795 0.42870544090056284 0.065 0.06566604127579738
0 0.8525 0.2767354596622889 0.0725 0.09943714821763602
0 0.696875 0.5431519699812383 0.02625 0.12195121951219512
2 0.28 0.29362101313320826 0.0275 0.05065666041275797
2 0.536875 0.34709193245778613 0.03875 0.04878048780487805
2 0.8456250000000001 0.3405253283302064 0.03375 0.043151969981238276
3 0.19625 0.9052532833020638 0.0525 0.07317073170731707
3 0.31 0.9165103189493433 0.08 0.06941838649155722
