0 0.15748031496062992 0.2894736842105263 0.06614173228346457 0.07368421052631578
0 0.24173228346456693 0.22236842105263158 0.07716535433070866 0.08684210526315789
0 0.38976377952755903 0.14736842105263157 0.07401574803149606 0.09999999999999999
0 0.462992125984252 0.07105263157894737 0.09133858267716535 0.10526315789473684
0 0.7653543307086614 0.3526315789473684 0.04409448818897638 0.05789473684210526
0 0.6275590551181103 0.38026315789473686 0.04566929133858268 0.05526315789473684
1 0.48031496062992124 0.3973684210526316 0.12598425196850394 0.34210526315789475
1 0.37401574803149606 0.4421052631578947 0.10236220472440945 0.29473684210526313
1 0.25511811023622044 0.45 0.12598425196850394 0.25263157894736843
3 0.06220472440944882 0.9118421052631579 0.08031496062992126 0.08157894736842106
3 0.15748031496062992 0.9197368421052632 0.07874015748031496 0.07631578947368421
3 0.2811023622047244 0.9236842105263158 0.06141732283464567 0.06315789473684211
