1 0.25 0.32916666666666666 0.0975 0.22166666666666668
1 0.77875 0.3075 0.06 0.15166666666666667
1 0.9450000000000001 0.26833333333333337 0.06 0.13333333333333333
0 0.28125 0.17333333333333334 0.06 0.06333333333333334
0 0.76625 0.17833333333333334 0.0575 0.05666666666666667
0 0.944375 0.15833333333333335 0.03875 0.043333333333333335
0 0.4275 0.6175 0.0425 0.03833333333333334
1 0.479375 0.7275 0.08625000000000001 0.155
1 0.595625 0.6766666666666667 0.11125 0.07666666666666667
3 0.28500000000000003 0.6241666666666668 0.095 0.125
3 0.49125 0.8825000000000001 0.065 0.11833333333333335
3 0.766875 0.5033333333333334 0.07125000000000001 0.13
3 0.93375 0.41250000000000003 0.065 0.07500000000000001
