3 0.10858895705521474 0.6166666666666667 0.05521472392638037 0.05333333333333334
3 0.26625766871165646 0.5658333333333334 0.10552147239263804 0.065
3 0.7128834355828221 0.8141666666666667 0.21595092024539878 0.125
1 0.09631901840490797 0.36250000000000004 0.07484662576687116 0.12833333333333335
1 0.28957055214723926 0.42000000000000004 0.07116564417177915 0.11333333333333334
1 0.6963190184049081 0.45333333333333337 0.20245398773006137 0.21333333333333335
1 0.7269938650306749 0.33 0.07975460122699388 0.12666666666666668
0 0.10797546012269939 0.24583333333333335 0.049079754601226995 0.04166666666666667
0 0.3208588957055215 0.3775 0.04294478527607362 0.06166666666666667
0 0.5754601226993865 0.34750000000000003 0.07607361963190185 0.08833333333333333
0 0.7865030674846626 0.28250000000000003 0.0392638036809816 0.06833333333333334
