0 0.21833333333333332 0.22777777777777777 0.05 0.05555555555555556
0 0.49277777777777776 0.16018518518518518 0.05444444444444444 0.061111111111111116
0 0.335 0.2712962962962963 0.05444444444444444 0.06851851851851852
0 0.6405555555555555 0.23796296296296296 0.058888888888888886 0.06851851851851852
0 0.7944444444444444 0.22592592592592595 0.05555555555555555 0.06666666666666667
1 0.21444444444444444 0.4462962962962963 0.1 0.2518518518518519
1 0.33944444444444444 0.47685185185185186 0.10777777777777778 0.24629629629629632
1 0.495 0.3787037037037037 0.09222222222222222 0.2388888888888889
1 0.6405555555555555 0.46944444444444444 0.09444444444444444 0.26851851851851855
1 0.8038888888888889 0.44351851851851853 0.11222222222222222 0.2611111111111111
3 0.20444444444444446 0.8694444444444445 0.03333333333333333 0.09074074074074075
3 0.3377777777777778 0.8583333333333334 0.06444444444444444 0.10185185185185186
3 0.48055555555555557 0.8407407407407408 0.06777777777777778 0.0962962962962963
3 0.6277777777777778 0.8472222222222222 0.07777777777777778 0.09444444444444444
3 0.7966666666666666 0.8824074074074074 0.06 0.07962962962962963
