2 0.6575875486381323 0.18583333333333335 0.044098573281452655 0.04166666666666667
0 0.6316472114137484 0.07916666666666668 0.1219195849546044 0.115
0 0.19779507133592736 0.2566666666666667 0.05577172503242542 0.09666666666666668
0 0.3761348897535668 0.3041666666666667 0.041504539559014265 0.07500000000000001
0 0.4364461738002594 0.3441666666666667 0.029831387808041503 0.06833333333333334
0 0.5525291828793774 0.28250000000000003 0.04669260700389105 0.03833333333333334
1 0.1841763942931258 0.38 0.13488975356679636 0.23
1 0.29442282749675747 0.42500000000000004 0.09857328145265888 0.23
1 0.3767833981841764 0.4316666666666667 0.04020752269779507 0.17333333333333334
1 0.44487678339818415 0.4316666666666667 0.07522697795071336 0.17333333333333334
1 0.566147859922179 0.4116666666666667 0.06355382619974059 0.17
1 0.7412451361867703 0.24666666666666667 0.16990920881971464 0.37333333333333335
1 0.874189364461738 0.3358333333333334 0.09597924773022048 0.17500000000000002
