1 0.14722222222222223 0.5280210157618214 0.12555555555555556 0.2434325744308231
1 0.2872222222222222 0.4991243432574431 0.11666666666666667 0.2381786339754816
1 0.43444444444444447 0.5140105078809107 0.1 0.22591943957968477
1 0.7566666666666667 0.6514886164623468 0.14 0.21015761821366025
0 0.18944444444444444 0.3555166374781086 0.056666666666666664 0.07705779334500876
0 0.2961111111111111 0.3064798598949212 0.05444444444444444 0.06654991243432574
0 0.42277777777777775 0.3371278458844133 0.05444444444444444 0.05779334500875657
0 0.7766666666666666 0.500875656742557 0.06222222222222222 0.0595446584938704
3 0.16055555555555556 0.9176882661996497 0.07444444444444444 0.0840630472854641
3 0.2966666666666667 0.8914185639229422 0.1 0.04553415061295972
3 0.43222222222222223 0.8922942206654991 0.09555555555555556 0.0542907180385289
3 0.6727777777777778 0.8905429071803853 0.07222222222222222 0.06479859894921192
