1 0.14455307262569833 0.17 0.07122905027932962 0.11
1 0.4581005586592179 0.5125000000000001 0.15363128491620112 0.255
1 0.21508379888268156 0.7258333333333333 0.10335195530726257 0.14166666666666666
1 0.848463687150838 0.5583333333333333 0.0935754189944134 0.16333333333333333
0 0.14175977653631286 0.07666666666666667 0.029329608938547486 0.02
0 0.223463687150838 0.6000000000000001 0.04189944134078213 0.03666666666666667
0 0.4504189944134078 0.275 0.08798882681564246 0.05333333333333334
0 0.854050279329609 0.4083333333333334 0.048882681564245814 0.04666666666666667
2 0.14385474860335196 0.10250000000000001 0.02793296089385475 0.015000000000000001
2 0.22276536312849163 0.6408333333333334 0.03212290502793296 0.021666666666666667
2 0.46997206703910616 0.3491666666666667 0.04329608938547486 0.04833333333333334
2 0.8477653631284916 0.4566666666666667 0.04189944134078213 0.02666666666666667
