3 0.22944444444444445 0.8066666666666668 0.0811111111111111 0.10333333333333335
3 0.3672222222222222 0.5083333333333334 0.07666666666666666 0.04666666666666667
3 0.6555555555555556 0.7233333333333334 0.07333333333333333 0.12666666666666668
3 0.7627777777777778 0.5108333333333334 0.056666666666666664 0.04833333333333334
3 0.9005555555555556 0.5366666666666667 0.09 0.05666666666666667
0 0.3488888888888889 0.07500000000000001 0.03777777777777778 0.03666666666666667
0 0.6633333333333333 0.07916666666666668 0.035555555555555556 0.04833333333333334
0 0.7727777777777778 0.08916666666666667 0.03666666666666667 0.03833333333333334
0 0.9294444444444444 0.07416666666666667 0.04555555555555556 0.05166666666666667
1 0.21888888888888888 0.14833333333333334 0.14444444444444443 0.27
1 0.35388888888888886 0.20500000000000002 0.07222222222222222 0.1366666666666667
1 0.6655555555555556 0.21500000000000002 0.07333333333333333 0.15666666666666668
1 0.6477777777777778 0.4741666666666667 0.14 0.13833333333333334
1 0.77 0.21500000000000002 0.08 0.15666666666666668
1 0.9255555555555556 0.22083333333333335 0.08 0.165
0 0.6438888888888888 0.33666666666666667 0.10111111111111111 0.11333333333333334
