0 0.06625835189309577 0.2733333333333334 0.07461024498886414 0.06666666666666667
0 0.49665924276169265 0.14166666666666666 0.09354120267260578 0.12000000000000001
0 0.7243875278396437 0.26333333333333336 0.052338530066815145 0.05
0 0.9365256124721603 0.1925 0.09576837416481068 0.085
1 0.04732739420935412 0.4633333333333334 0.08351893095768374 0.26333333333333336
1 0.45489977728285075 0.4083333333333334 0.14142538975501112 0.35333333333333333
1 0.7422048997772828 0.4758333333333334 0.08797327394209353 0.24500000000000002
1 0.9587973273942093 0.39583333333333337 0.0757238307349666 0.2783333333333334
3 0.460467706013363 0.9525 0.1948775055679287 0.08833333333333333
3 0.732739420935412 0.8550000000000001 0.07126948775055679 0.060000000000000005
3 0.8613585746102449 0.8516666666666667 0.045657015590200446 0.08666666666666667
