0 0.4572222222222222 0.25833333333333336 0.25666666666666665 0.25333333333333335
0 0.2833333333333333 0.46416666666666667 0.044444444444444446 0.045000000000000005
0 0.6416666666666667 0.5016666666666667 0.043333333333333335 0.043333333333333335
0 0.7305555555555555 0.4166666666666667 0.052222222222222225 0.04666666666666667
2 0.285 0.5308333333333334 0.034444444444444444 0.03166666666666667
2 0.3811111111111111 0.5541666666666667 0.028888888888888888 0.03166666666666667
2 0.47055555555555556 0.5183333333333333 0.16333333333333333 0.17666666666666667
2 0.6466666666666666 0.5566666666666668 0.035555555555555556 0.03666666666666667
2 0.7288888888888889 0.48000000000000004 0.044444444444444446 0.03666666666666667
1 0.2783333333333333 0.6633333333333333 0.10777777777777778 0.21000000000000002
1 0.5116666666666667 0.8275 0.40555555555555556 0.335
