0 0.03265765765765766 0.18833333333333335 0.015765765765765764 0.02
0 0.2865990990990991 0.09166666666666667 0.059684684684684686 0.06666666666666667
0 0.49774774774774777 0.1391666666666667 0.018018018018018018 0.025
0 0.5242117117117117 0.15083333333333335 0.01463963963963964 0.018333333333333333
0 0.6863738738738738 0.09666666666666668 0.039414414414414414 0.04666666666666667
0 0.8158783783783784 0.0575 0.08445945945945946 0.095
1 0.28603603603603606 0.27416666666666667 0.11711711711711711 0.21500000000000002
1 0.15822072072072071 0.3841666666666667 0.07995495495495496 0.08833333333333333
1 0.17905405405405406 0.2816666666666667 0.036036036036036036 0.04666666666666667
1 0.49155405405405406 0.19666666666666668 0.04617117117117117 0.07333333333333333
1 0.5219594594594594 0.18500000000000003 0.016891891891891893 0.05333333333333334
1 0.6126126126126126 0.18500000000000003 0.02027027027027027 0.043333333333333335
1 0.6835585585585585 0.2525 0.08108108108108109 0.20500000000000002
1 0.8614864864864865 0.31 0.12612612612612611 0.2733333333333334
2 0.8108108108108109 0.15000000000000002 0.04279279279279279 0.03666666666666667
2 0.6869369369369369 0.15416666666666667 0.036036036036036036 0.03166666666666667
2 0.5016891891891891 0.16 0.019144144144144143 0.02
3 0.31981981981981983 0.6491666666666667 0.07432432432432433 0.09833333333333334
3 0.49774774774774777 0.33333333333333337 0.04054054054054054 0.023333333333333334
3 0.6644144144144144 0.5033333333333334 0.05855855855855856 0.06666666666666667
3 0.8096846846846847 0.7075 0.16666666666666666 0.22833333333333336
