0 0.2561111111111111 0.2391666666666667 0.052222222222222225 0.05166666666666667
0 0.575 0.22083333333333335 0.05 0.05166666666666667
0 0.5583333333333333 0.375 0.10555555555555556 0.15333333333333335
0 0.76 0.0625 0.06666666666666667 0.085
1 0.26611111111111113 0.4166666666666667 0.1322222222222222 0.2366666666666667
1 0.5805555555555556 0.5608333333333334 0.27666666666666667 0.34833333333333333
1 0.7922222222222223 0.29500000000000004 0.13555555555555557 0.3166666666666667
3 0.27944444444444444 0.7608333333333334 0.10111111111111111 0.095
3 0.6111111111111112 0.7691666666666667 0.2 0.14166666666666666
3 0.7755555555555556 0.7041666666666667 0.10666666666666666 0.21500000000000002
