3 0.3177727784026997 0.655 0.07311586051743532 0.10333333333333335
3 0.6642294713160856 0.48250000000000004 0.05511811023622048 0.08166666666666667
3 0.8211473565804275 0.7491666666666668 0.14623172103487064 0.14500000000000002
0 0.2829021372328459 0.09416666666666668 0.0641169853768279 0.07166666666666667
0 0.6856017997750282 0.1 0.043869516310461196 0.04666666666666667
0 0.8160854893138358 0.055 0.08886389201349833 0.07666666666666667
2 0.29190101237345334 0.155 0.03262092238470191 0.030000000000000002
2 0.6861642294713162 0.15333333333333335 0.031496062992125984 0.02666666666666667
2 0.8098987626546682 0.15000000000000002 0.04274465691788527 0.04
1 0.281214848143982 0.2758333333333334 0.12373453318335209 0.21166666666666667
1 0.6777277840269967 0.24583333333333335 0.07761529808773904 0.18833333333333335
1 0.862204724409449 0.2991666666666667 0.140607424071991 0.3016666666666667
1 0.4887514060742408 0.20583333333333334 0.043869516310461196 0.085
0 0.4955005624296963 0.1375 0.01687289088863892 0.018333333333333333
0 0.5241844769403825 0.14666666666666667 0.011248593925759281 0.02
