0 0.19277777777777777 0.27083333333333337 0.04777777777777778 0.055
0 0.2538888888888889 0.2891666666666667 0.058888888888888886 0.07833333333333334
0 0.37777777777777777 0.3016666666666667 0.051111111111111114 0.060000000000000005
0 0.5077777777777778 0.22916666666666669 0.057777777777777775 0.058333333333333334
0 0.6788888888888889 0.3016666666666667 0.06222222222222222 0.06333333333333334
0 0.8355555555555556 0.2625 0.06222222222222222 0.065
1 0.17166666666666666 0.45583333333333337 0.09666666666666666 0.21500000000000002
1 0.25277777777777777 0.5016666666666667 0.10777777777777778 0.24000000000000002
1 0.3672222222222222 0.4666666666666667 0.09666666666666666 0.21000000000000002
1 0.5233333333333333 0.4266666666666667 0.12444444444444444 0.26333333333333336
1 0.6772222222222222 0.48333333333333334 0.10777777777777778 0.24000000000000002
1 0.8372222222222222 0.45833333333333337 0.12555555555555556 0.25333333333333335
3 0.18055555555555555 0.8383333333333334 0.07444444444444444 0.09666666666666668
3 0.2544444444444444 0.9141666666666667 0.057777777777777775 0.135
3 0.3611111111111111 0.8200000000000001 0.06222222222222222 0.12666666666666668
3 0.515 0.9 0.09 0.13333333333333333
3 0.6644444444444444 0.8308333333333334 0.06444444444444444 0.085
3 0.8233333333333334 0.8883333333333334 0.06888888888888889 0.10333333333333335
