0 0.3116666666666667 0.09523809523809523 0.08333333333333334 0.09523809523809523
0 0.4466666666666667 0.0625 0.08666666666666667 0.10119047619047619
0 0.6816666666666668 0.050595238095238096 0.09666666666666668 0.06547619047619047
3 0.2833333333333333 0.9017857142857142 0.03333333333333333 0.10119047619047619
3 0.34500000000000003 0.8452380952380952 0.03666666666666667 0.05952380952380952
3 0.4516666666666667 0.869047619047619 0.030000000000000002 0.08333333333333333
3 0.48833333333333334 0.8333333333333333 0.043333333333333335 0.10714285714285714
3 0.6583333333333333 0.8452380952380952 0.03666666666666667 0.047619047619047616
3 0.7000000000000001 0.8839285714285714 0.04 0.08928571428571427
2 0.6783333333333333 0.27976190476190477 0.11666666666666667 0.2738095238095238
2 0.45833333333333337 0.3214285714285714 0.13 0.2976190476190476
2 0.32333333333333336 0.3214285714285714 0.12000000000000001 0.2857142857142857
