0 0.2659090909090909 0.1388888888888889 0.37727272727272726 0.2361111111111111
0 0.5045454545454545 0.11805555555555555 0.21818181818181817 0.20833333333333331
0 0.6318181818181818 0.3506944444444444 0.15454545454545454 0.21527777777777776
0 0.7909090909090909 0.3159722222222222 0.15454545454545454 0.22916666666666666
0 0.9363636363636363 0.2708333333333333 0.15454545454545454 0.2222222222222222
2 0.2159090909090909 0.7569444444444444 0.2954545454545454 0.611111111111111
2 0.425 0.6631944444444444 0.19545454545454544 0.5347222222222222
2 0.6022727272727273 0.7847222222222222 0.1318181818181818 0.375
2 0.8090909090909091 0.8368055555555555 0.24545454545454545 0.3680555555555555
2 0.9295454545454545 0.6666666666666666 0.1318181818181818 0.38888888888888884
