0 0.13147410358565736 0.35572139303482586 0.055776892430278883 0.05472636815920398
0 0.13545816733067728 0.6119402985074627 0.03187250996015936 0.04975124378109452
0 0.651394422310757 0.16666666666666666 0.05179282868525896 0.05472636815920398
0 0.9243027888446215 0.3980099502487562 0.03187250996015936 0.03980099502487562
0 0.7071713147410359 0.6517412935323383 0.027888446215139442 0.04975124378109452
0 0.43824701195219123 0.5895522388059702 0.0398406374501992 0.04477611940298507
3 0.5577689243027888 0.43034825870646765 0.08764940239043825 0.06467661691542288
3 0.6932270916334661 0.8084577114427861 0.04780876494023904 0.004975124378109453
3 0.852589641434263 0.599502487562189 0.00796812749003984 0.014925373134328358
3 0.896414342629482 0.6592039800995024 0.0398406374501992 0.02487562189054726
3 0.11952191235059761 0.7761194029850746 0.00796812749003984 0.029850746268656716
3 0.07569721115537849 0.6144278606965174 0.00796812749003984 0.0845771144278607
