0 0.09333333333333334 0.18627450980392157 0.060000000000000005 0.06666666666666667
0 0.2016666666666667 0.16078431372549018 0.09000000000000001 0.0784313725490196
0 0.30333333333333334 0.1392156862745098 0.06666666666666667 0.058823529411764705
0 0.39333333333333337 0.045098039215686274 0.09333333333333334 0.058823529411764705
0 0.47500000000000003 0.1196078431372549 0.05 0.050980392156862744
0 0.5766666666666667 0.054901960784313725 0.09333333333333334 0.09411764705882353
0 0.7966666666666667 0.06470588235294117 0.06666666666666667 0.06666666666666667
0 0.9083333333333334 0.15490196078431373 0.07 0.06666666666666667
0 0.7416666666666667 0.17254901960784313 0.05 0.054901960784313725
3 0.07166666666666667 0.7784313725490196 0.05666666666666667 0.08235294117647059
3 0.17666666666666667 0.9274509803921569 0.05333333333333334 0.09803921568627451
3 0.225 0.9294117647058824 0.07 0.0784313725490196
3 0.27 0.7529411764705882 0.02666666666666667 0.06274509803921569
3 0.315 0.7372549019607844 0.043333333333333335 0.0784313725490196
3 0.3416666666666667 0.8490196078431372 0.05 0.09803921568627451
3 0.4633333333333334 0.8294117647058823 0.05333333333333334 0.050980392156862744
3 0.5016666666666667 0.9098039215686274 0.09000000000000001 0.12549019607843137
3 0.63 0.9490196078431372 0.08 0.08627450980392157
3 0.8166666666666668 0.8529411764705882 0.09333333333333334 0.06666666666666667
3 0.7716666666666667 0.7941176470588235 0.10333333333333335 0.058823529411764705
3 0.7383333333333334 0.7333333333333333 0.03666666666666667 0.054901960784313725
3 0.6616666666666667 0.7372549019607844 0.030000000000000002 0.07058823529411765
3 0.5583333333333333 0.7235294117647059 0.030000000000000002 0.027450980392156862
3 0.91 0.7450980392156863 0.04666666666666667 0.0784313725490196
2 0.19 0.396078431372549 0.11333333333333334 0.23529411764705882
2 0.085 0.37058823529411766 0.11 0.14509803921568626
2 0.4116666666666667 0.3588235294117647 0.13 0.28627450980392155
2 0.5633333333333334 0.3392156862745098 0.12666666666666668 0.21568627450980393
2 0.7200000000000001 0.3254901960784314 0.04666666666666667 0.10196078431372549
2 0.7866666666666667 0.33137254901960783 0.08 0.1843137254901961
2 0.9016666666666667 0.35490196078431374 0.07666666666666667 0.2
2 0.29333333333333333 0.3411764705882353 0.060000000000000005 0.18823529411764706
