3 0.6996047430830039 0.49748743718592964 0.06324110671936758 0.03015075376884422
3 0.7984189723320158 0.4798994974874372 0.04743083003952569 0.035175879396984924
3 0.8359683794466403 0.46984924623115576 0.011857707509881422 0.05527638190954774
3 0.7035573122529644 0.8417085427135679 0.007905138339920948 0.02512562814070352
3 0.6482213438735177 0.8391959798994975 0.023715415019762844 0.03015075376884422
3 0.18774703557312253 0.49246231155778897 0.02766798418972332 0.03015075376884422
3 0.22134387351778656 0.49748743718592964 0.023715415019762844 0.03015075376884422
0 0.3438735177865612 0.16331658291457288 0.08695652173913043 0.06532663316582915
0 0.24308300395256915 0.23115577889447236 0.05138339920948616 0.04020100502512563
0 0.6976284584980237 0.1658291457286432 0.05928853754940711 0.05025125628140704
0 0.8241106719367588 0.16834170854271358 0.05928853754940711 0.05527638190954774
0 0.8122529644268774 0.6683417085427136 0.06719367588932806 0.04020100502512563
0 0.6442687747035573 0.6809045226130653 0.03952569169960474 0.02512562814070352
0 0.7035573122529644 0.6884422110552764 0.03162055335968379 0.05025125628140704
0 0.24110671936758893 0.6030150753768845 0.06324110671936758 0.04020100502512563
2 0.23715415019762845 0.3341708542713568 0.05533596837944664 0.11557788944723618
2 0.36166007905138337 0.37185929648241206 0.12252964426877469 0.23115577889447236
2 0.6996047430830039 0.30150753768844224 0.10276679841897232 0.1306532663316583
2 0.8181818181818181 0.2663316582914573 0.08695652173913043 0.1306532663316583
2 0.8142292490118577 0.8065326633165829 0.11067193675889328 0.10552763819095477
2 0.7509881422924901 0.7185929648241206 0.06324110671936758 0.04020100502512563
2 0.6521739130434783 0.7311557788944724 0.06324110671936758 0.06532663316582915
2 0.2351778656126482 0.7386934673366834 0.0909090909090909 0.12060301507537688
