0 0.19636363636363635 0.11475409836065574 0.10909090909090909 0.1092896174863388
0 0.29454545454545455 0.16120218579234974 0.07272727272727272 0.07103825136612021
0 0.40545454545454546 0.23770491803278687 0.06909090909090909 0.10382513661202186
0 0.49454545454545457 0.18579234972677597 0.07272727272727272 0.08743169398907104
3 0.14181818181818182 0.9016393442622951 0.03636363636363636 0.09836065573770492
3 0.2309090909090909 0.9480874316939891 0.12 0.09289617486338798
3 0.25272727272727274 0.8387978142076503 0.03272727272727273 0.11475409836065574
3 0.3290909090909091 0.8087431693989071 0.06909090909090909 0.08743169398907104
3 0.36363636363636365 0.7841530054644809 0.05090909090909091 0.060109289617486336
3 0.41454545454545455 0.8060109289617486 0.02909090909090909 0.08196721311475409
3 0.5054545454545455 0.773224043715847 0.06545454545454546 0.09289617486338798
3 0.5836363636363636 0.8224043715846995 0.04727272727272727 0.12568306010928962
