3 0.5163636363636364 0.9398907103825137 0.12363636363636364 0.13114754098360656
3 0.6018181818181818 0.9316939890710383 0.12 0.09289617486338798
3 0.6909090909090909 0.8852459016393442 0.04363636363636364 0.15300546448087432
3 0.8145454545454546 0.9098360655737705 0.08 0.11475409836065574
3 0.8309090909090909 0.7868852459016393 0.04727272727272727 0.06557377049180328
3 0.9418181818181818 0.8142076502732241 0.06545454545454546 0.0546448087431694
3 0.04181818181818182 0.8306010928961749 0.06181818181818182 0.1092896174863388
3 0.13454545454545455 0.8224043715846995 0.07272727272727272 0.09289617486338798
3 0.29818181818181816 0.6775956284153005 0.02909090909090909 0.04371584699453552
3 0.3981818181818182 0.7103825136612022 0.04727272727272727 0.0546448087431694
0 0.08727272727272728 0.1557377049180328 0.10181818181818182 0.08196721311475409
0 0.32181818181818184 0.4562841530054645 0.04727272727272727 0.08196721311475409
0 0.5818181818181818 0.09562841530054644 0.12363636363636364 0.12568306010928962
0 0.7727272727272727 0.05737704918032787 0.10545454545454545 0.10382513661202186
0 0.8945454545454545 0.23497267759562843 0.05090909090909091 0.06557377049180328
0 0.9563636363636364 0.23770491803278687 0.04363636363636364 0.060109289617486336
0 0.649090909090909 0.07923497267759563 0.05454545454545454 0.060109289617486336
2 0.5309090909090909 0.40437158469945356 0.10909090909090909 0.37158469945355194
2 0.6254545454545455 0.37158469945355194 0.11636363636363636 0.33879781420765026
2 0.76 0.3005464480874317 0.15272727272727274 0.31693989071038253
2 0.8981818181818182 0.4426229508196721 0.10181818181818182 0.33879781420765026
2 0.9727272727272728 0.43169398907103823 0.07636363636363637 0.26229508196721313
2 0.12181818181818181 0.4098360655737705 0.13454545454545455 0.273224043715847
2 0.32545454545454544 0.5 0.05454545454545454 0.060109289617486336
