0 0.3408239700374532 0.1693121693121693 0.0749063670411985 0.042328042328042326
0 0.4157303370786517 0.12698412698412698 0.0599250936329588 0.05291005291005291
0 0.5805243445692884 0.12433862433862433 0.0599250936329588 0.07936507936507936
0 0.6704119850187266 0.15343915343915343 0.052434456928838954 0.042328042328042326
0 0.6217228464419475 0.15608465608465608 0.0299625468164794 0.037037037037037035
0 0.8277153558052435 0.18253968253968253 0.0749063670411985 0.047619047619047616
2 0.846441947565543 0.41005291005291 0.11235955056179775 0.2698412698412698
2 0.5805243445692884 0.30687830687830686 0.15730337078651685 0.2328042328042328
2 0.6666666666666666 0.36243386243386244 0.08239700374531836 0.24867724867724866
2 0.37265917602996257 0.3571428571428571 0.10112359550561797 0.2275132275132275
2 0.4363295880149813 0.32275132275132273 0.10112359550561797 0.17989417989417988
2 0.1760299625468165 0.3465608465608465 0.09737827715355805 0.24867724867724866
3 0.1947565543071161 0.7592592592592592 0.052434456928838954 0.047619047619047616
3 0.11235955056179775 0.753968253968254 0.03745318352059925 0.06878306878306878
3 0.3202247191011236 0.7169312169312169 0.07116104868913858 0.047619047619047616
3 0.37265917602996257 0.7063492063492063 0.033707865168539325 0.0582010582010582
3 0.4288389513108614 0.7063492063492063 0.04119850187265918 0.0582010582010582
3 0.5411985018726592 0.693121693121693 0.04119850187265918 0.031746031746031744
3 0.601123595505618 0.6878306878306878 0.056179775280898875 0.06349206349206349
3 0.6891385767790262 0.6693121693121693 0.06741573033707865 0.047619047619047616
3 0.8146067415730337 0.7433862433862434 0.07116104868913858 0.0582010582010582
