0 0.33052884615384615 0.6534296028880867 0.01682692307692308 0.01444043321299639
0 0.4375 0.6353790613718412 0.028846153846153848 0.021660649819494587
0 0.4915865384615385 0.631768953068592 0.021634615384615384 0.021660649819494587
0 0.5540865384615385 0.6101083032490975 0.026442307692307696 0.021660649819494587
0 0.609375 0.5866425992779783 0.01682692307692308 0.025270758122743684
0 0.6670673076923077 0.5667870036101084 0.01682692307692308 0.021660649819494587
0 0.7163461538461539 0.5487364620938628 0.019230769230769232 0.02888086642599278
1 0.33653846153846156 0.7256317689530686 0.028846153846153848 0.07220216606498195
1 0.43149038461538464 0.6967509025270758 0.026442307692307696 0.07220216606498195
1 0.4963942307692308 0.6913357400722022 0.026442307692307696 0.06137184115523466
1 0.5576923076923077 0.6696750902527075 0.02403846153846154 0.06859205776173286
1 0.6165865384615385 0.6534296028880867 0.03125 0.07220216606498195
1 0.670673076923077 0.6335740072202166 0.028846153846153848 0.06137184115523466
1 0.7223557692307693 0.6083032490974729 0.040865384615384616 0.06137184115523466
