1 0.2560096153846154 0.34115523465703973 0.12740384615384617 0.2779783393501805
1 0.4555288461538462 0.33754512635379064 0.08413461538461539 0.1768953068592058
1 0.6418269230769231 0.296028880866426 0.057692307692307696 0.1588447653429603
1 0.7211538461538461 0.3664259927797834 0.1201923076923077 0.2779783393501805
3 0.28605769230769235 0.8718411552346571 0.16826923076923078 0.11913357400722022
3 0.49278846153846156 0.8700361010830325 0.16826923076923078 0.10108303249097474
3 0.701923076923077 0.8790613718411553 0.22115384615384617 0.11913357400722022
2 0.30649038461538464 0.18953068592057762 0.03605769230769231 0.05415162454873646
2 0.5096153846153847 0.2292418772563177 0.03365384615384616 0.06137184115523466
2 0.703125 0.20577617328519857 0.01682692307692308 0.02888086642599278
2 0.796875 0.21660649819494585 0.021634615384615384 0.05054151624548737
