2 0.5817307692307693 0.36823104693140796 0.019230769230769232 0.02888086642599278
2 0.6947115384615385 0.34296028880866425 0.02403846153846154 0.02888086642599278
0 0.040865384615384616 0.30144404332129965 0.038461538461538464 0.05415162454873646
0 0.09495192307692309 0.32671480144404336 0.06009615384615385 0.06859205776173286
0 0.17307692307692307 0.3501805054151625 0.03365384615384616 0.05776173285198556
0 0.49759615384615385 0.3537906137184116 0.02403846153846154 0.05776173285198556
0 0.5865384615384616 0.3032490974729242 0.05288461538461539 0.05054151624548737
0 0.7007211538461539 0.2797833935018051 0.05048076923076923 0.05415162454873646
0 0.828125 0.27075812274368233 0.05528846153846154 0.06498194945848376
1 0.04567307692307693 0.4891696750902527 0.08173076923076923 0.24187725631768953
1 0.1622596153846154 0.44945848375451264 0.07451923076923077 0.1552346570397112
1 0.6117788461538461 0.4566787003610108 0.040865384615384616 0.19855595667870038
1 0.7163461538461539 0.4368231046931408 0.08653846153846154 0.18772563176895307
1 0.8389423076923077 0.4259927797833935 0.08173076923076923 0.20216606498194947
3 0.8545673076923077 0.7418772563176895 0.06009615384615385 0.1624548736462094
