3 0.41586538461538464 0.8705035971223022 0.07211538461538462 0.05755395683453238
3 0.3401442307692308 0.9100719424460432 0.07932692307692309 0.07194244604316546
3 0.4867788461538462 0.908273381294964 0.07451923076923077 0.09712230215827339
3 0.6225961538461539 0.8884892086330936 0.11057692307692309 0.12949640287769784
0 0.34375 0.3129496402877698 0.057692307692307696 0.07194244604316546
0 0.4399038461538462 0.2535971223021583 0.05288461538461539 0.06115107913669065
0 0.4987980769230769 0.32014388489208634 0.06009615384615385 0.06474820143884892
0 0.5985576923076923 0.3129496402877698 0.07692307692307693 0.07194244604316546
0 0.6766826923076923 0.28956834532374104 0.05528846153846154 0.07553956834532374
0 0.8713942307692308 0.302158273381295 0.05528846153846154 0.05035971223021583
