1 0.06490384615384616 0.388086642599278 0.0625 0.1552346570397112
1 0.15264423076923078 0.4602888086642599 0.14182692307692307 0.23465703971119134
1 0.5348557692307693 0.4277978339350181 0.18990384615384617 0.33574007220216606
0 0.05288461538461539 0.26353790613718414 0.038461538461538464 0.05776173285198556
0 0.11899038461538462 0.2545126353790614 0.06971153846153846 0.08303249097472924
0 0.5036057692307693 0.17148014440433212 0.07932692307692309 0.09025270758122744
3 0.1778846153846154 0.7888086642599278 0.08173076923076923 0.19133574007220217
3 0.5745192307692308 0.8465703971119134 0.09134615384615385 0.24187725631768953
2 0.140625 0.3176895306859206 0.040865384615384616 0.043321299638989175
2 0.5108173076923077 0.26173285198555957 0.05048076923076923 0.06137184115523466
