0 0.3786057692307693 0.2967032967032967 0.05048076923076923 0.07326007326007326
0 0.5697115384615385 0.29120879120879123 0.05288461538461539 0.054945054945054944
0 0.6682692307692308 0.31135531135531136 0.04807692307692308 0.03663003663003663
0 0.7716346153846154 0.32967032967032966 0.038461538461538464 0.05128205128205128
1 0.38822115384615385 0.4468864468864469 0.12259615384615385 0.21978021978021978
1 0.5721153846153847 0.4340659340659341 0.11057692307692309 0.20146520146520147
1 0.7043269230769231 0.4523809523809524 0.09615384615384616 0.18681318681318682
1 0.8173076923076924 0.4175824175824176 0.08173076923076923 0.14652014652014653
3 0.4170673076923077 0.8882783882783882 0.13221153846153846 0.0695970695970696
3 0.625 0.8351648351648352 0.09615384615384616 0.10256410256410256
3 0.734375 0.7326007326007326 0.08413461538461539 0.07326007326007326
3 0.8521634615384616 0.6648351648351648 0.040865384615384616 0.03296703296703297
