0 0.234375 0.631578947368421 0.03605769230769231 0.039473684210526314
0 0.3870192307692308 0.6513157894736842 0.028846153846153848 0.019736842105263157
0 0.5132211538461539 0.6398026315789473 0.03605769230769231 0.042763157894736836
0 0.5697115384615385 0.5805921052631579 0.028846153846153848 0.03618421052631579
0 0.7824519230769231 0.6398026315789473 0.03605769230769231 0.042763157894736836
0 0.8870192307692308 0.5805921052631579 0.028846153846153848 0.029605263157894735
0 0.9639423076923077 0.6118421052631579 0.03365384615384616 0.03289473684210526
1 0.24158653846153846 0.7269736842105263 0.05048076923076923 0.11842105263157894
1 0.3942307692307693 0.7302631578947368 0.0625 0.09868421052631579
1 0.514423076923077 0.7450657894736842 0.07211538461538462 0.11513157894736842
1 0.5745192307692308 0.6644736842105263 0.038461538461538464 0.09868421052631579
1 0.7752403846153847 0.7269736842105263 0.06490384615384616 0.11842105263157894
1 0.8882211538461539 0.662828947368421 0.05528846153846154 0.08223684210526315
1 0.9747596153846154 0.694078947368421 0.05048076923076923 0.11842105263157894
