2 0.8149038461538461 0.31227436823104693 0.02403846153846154 0.04693140794223827
0 0.07932692307692309 0.31227436823104693 0.04326923076923077 0.039711191335740074
0 0.20072115384615385 0.3592057761732852 0.03125 0.039711191335740074
0 0.3004807692307693 0.3465703971119134 0.03365384615384616 0.036101083032490974
0 0.3629807692307693 0.33574007220216606 0.028846153846153848 0.036101083032490974
0 0.41105769230769235 0.3501805054151625 0.019230769230769232 0.02888086642599278
0 0.4495192307692308 0.33032490974729245 0.03365384615384616 0.03249097472924188
0 0.4987980769230769 0.33935018050541516 0.03605769230769231 0.02888086642599278
0 0.5697115384615385 0.31227436823104693 0.03365384615384616 0.04693140794223827
0 0.6117788461538461 0.24187725631768953 0.04567307692307693 0.05054151624548737
0 0.7091346153846154 0.2075812274368231 0.07211538461538462 0.06859205776173286
0 0.8533653846153847 0.22743682310469315 0.09615384615384616 0.09386281588447654
0 0.9711538461538463 0.23465703971119134 0.05288461538461539 0.06498194945848376
0 0.2295673076923077 0.44043321299638993 0.10336538461538462 0.12274368231046932
1 0.0625 0.4314079422382672 0.08173076923076923 0.1552346570397112
1 0.3137019230769231 0.4512635379061372 0.06009615384615385 0.10108303249097474
1 0.3737980769230769 0.4620938628158845 0.03605769230769231 0.10830324909747292
1 0.43509615384615385 0.4584837545126354 0.05288461538461539 0.11552346570397112
1 0.49759615384615385 0.47653429602888087 0.028846153846153848 0.12996389891696752
1 0.6069711538461539 0.536101083032491 0.06971153846153846 0.09025270758122744
1 0.6959134615384616 0.40794223826714804 0.14182692307692307 0.25992779783393505
1 0.8497596153846154 0.4963898916967509 0.1466346153846154 0.3140794223826715
1 0.9651442307692308 0.48375451263537905 0.06490384615384616 0.2743682310469314
1 0.3040865384615385 0.6895306859205776 0.18028846153846154 0.33935018050541516
