1 0.09495192307692309 0.49278846153846156 0.16105769230769232 0.2451923076923077
1 0.6875 0.4555288461538462 0.15384615384615385 0.16105769230769232
1 0.8834134615384616 0.4879807692307693 0.12740384615384617 0.19230769230769232
0 0.08653846153846154 0.29927884615384615 0.09134615384615385 0.06971153846153846
0 0.6189903846153847 0.3942307692307693 0.04567307692307693 0.04807692307692308
0 0.8762019230769231 0.3317307692307693 0.08413461538461539 0.04807692307692308
2 0.07572115384615385 0.36778846153846156 0.06490384615384616 0.04807692307692308
2 0.859375 0.390625 0.05048076923076923 0.03605769230769231
3 0.140625 0.8449519230769231 0.11298076923076923 0.14182692307692307
3 0.873798076923077 0.734375 0.13701923076923078 0.12740384615384617
