3 0.8629807692307693 0.9166666666666667 0.21153846153846156 0.15151515151515152
3 0.6442307692307693 0.8030303030303031 0.1201923076923077 0.12121212121212122
3 0.5012019230769231 0.7424242424242424 0.08413461538461539 0.06818181818181818
3 0.37980769230769235 0.6496212121212122 0.04807692307692308 0.04924242424242424
3 0.3353365384615385 0.6477272727272727 0.026442307692307696 0.05303030303030303
0 0.09975961538461539 0.2878787878787879 0.040865384615384616 0.06060606060606061
0 0.21875 0.2897727272727273 0.057692307692307696 0.07196969696969698
0 0.3942307692307693 0.33901515151515155 0.0625 0.08712121212121213
0 0.4591346153846154 0.3787878787878788 0.0625 0.09090909090909091
0 0.6129807692307693 0.34280303030303033 0.07211538461538462 0.08712121212121213
0 0.8137019230769231 0.3541666666666667 0.07451923076923077 0.07954545454545454
