2 0.1358173076923077 0.5685920577617328 0.01682692307692308 0.010830324909747294
2 0.23197115384615385 0.6787003610108303 0.01682692307692308 0.01444043321299639
2 0.4495192307692308 0.5848375451263538 0.009615384615384616 0.01444043321299639
2 0.7127403846153847 0.6407942238267148 0.01201923076923077 0.018050541516245487
0 0.14182692307692307 0.536101083032491 0.03365384615384616 0.03249097472924188
0 0.23798076923076925 0.6407942238267148 0.028846153846153848 0.039711191335740074
0 0.4519230769230769 0.5541516245487365 0.02403846153846154 0.025270758122743684
0 0.717548076923077 0.6083032490974729 0.026442307692307696 0.025270758122743684
1 0.1466346153846154 0.6299638989169676 0.04807692307692308 0.10469314079422383
1 0.24639423076923078 0.7509025270758123 0.06490384615384616 0.12996389891696752
1 0.46634615384615385 0.6299638989169676 0.04326923076923077 0.06859205776173286
1 0.7295673076923077 0.6967509025270758 0.04567307692307693 0.08664259927797835
