2 0.2608173076923077 0.46389891696750907 0.06009615384615385 0.04693140794223827
2 0.4362980769230769 0.4368231046931408 0.07451923076923077 0.09386281588447654
2 0.5204326923076923 0.37906137184115524 0.040865384615384616 0.043321299638989175
2 0.5949519230769231 0.46750902527075816 0.05528846153846154 0.05415162454873646
2 0.6490384615384616 0.4205776173285199 0.019230769230769232 0.039711191335740074
2 0.7884615384615385 0.4296028880866426 0.02403846153846154 0.043321299638989175
0 0.24278846153846156 0.351985559566787 0.08653846153846154 0.09747292418772563
0 0.41466346153846156 0.3249097472924188 0.10817307692307693 0.1371841155234657
0 0.5180288461538461 0.30505415162454874 0.05528846153846154 0.06137184115523466
0 0.592548076923077 0.33574007220216606 0.08413461538461539 0.09386281588447654
0 0.6586538461538461 0.37003610108303253 0.04326923076923077 0.04693140794223827
0 0.8064903846153847 0.37184115523465705 0.05528846153846154 0.05776173285198556
1 0.203125 0.6913357400722022 0.06971153846153846 0.37184115523465705
1 0.4206730769230769 0.7364620938628159 0.25 0.4981949458483755
1 0.6790865384615385 0.684115523465704 0.08413461538461539 0.3501805054151625
