0 0.019230769230769232 0.08664259927797835 0.019230769230769232 0.021660649819494587
0 0.057692307692307696 0.1407942238267148 0.014423076923076924 0.02888086642599278
0 0.15264423076923078 0.11191335740072203 0.026442307692307696 0.021660649819494587
0 0.5048076923076923 0.3194945848375451 0.11538461538461539 0.1407942238267148
0 0.49278846153846156 0.052346570397111915 0.019230769230769232 0.04693140794223827
0 0.5685096153846154 0.0703971119133574 0.026442307692307696 0.039711191335740074
0 0.6778846153846154 0.13176895306859207 0.028846153846153848 0.03249097472924188
0 0.764423076923077 0.24548736462093865 0.07211538461538462 0.08664259927797835
1 0.014423076923076924 0.16967509025270758 0.028846153846153848 0.10108303249097474
1 0.06971153846153846 0.19133574007220217 0.028846153846153848 0.05054151624548737
1 0.1622596153846154 0.18050541516245489 0.05048076923076923 0.09386281588447654
1 0.12980769230769232 0.27256317689530685 0.04326923076923077 0.07581227436823106
1 0.5192307692307693 0.11732851985559567 0.028846153846153848 0.06859205776173286
1 0.5829326923076923 0.14620938628158844 0.03605769230769231 0.09025270758122744
1 0.701923076923077 0.2364620938628159 0.04326923076923077 0.13357400722021662
1 0.8449519230769231 0.4368231046931408 0.14182692307692307 0.2888086642599278
1 0.6790865384615385 0.6209386281588448 0.28605769230769235 0.5342960288808665
