1 0.921875 0.4878048780487805 0.13221153846153846 0.22996515679442509
3 0.03125 0.8048780487804879 0.028846153846153848 0.04878048780487805
3 0.2512019230769231 0.8519163763066202 0.05048076923076923 0.05226480836236934
3 0.44711538461538464 0.8501742160278746 0.11057692307692309 0.08362369337979095
3 0.7151442307692308 0.8710801393728222 0.09375 0.09059233449477352
3 0.9158653846153847 0.8710801393728222 0.07692307692307693 0.08362369337979095
0 0.014423076923076924 0.18118466898954705 0.014423076923076924 0.027874564459930314
0 0.2644230769230769 0.22473867595818817 0.04807692307692308 0.03832752613240418
0 0.4519230769230769 0.20557491289198607 0.057692307692307696 0.041811846689895474
0 0.701923076923077 0.050522648083623695 0.08653846153846154 0.08710801393728224
0 0.9110576923076924 0.2682926829268293 0.05288461538461539 0.05574912891986063
1 0.038461538461538464 0.3588850174216028 0.038461538461538464 0.17421602787456447
1 0.25240384615384615 0.4355400696864111 0.12980769230769232 0.24390243902439024
1 0.4639423076923077 0.43031358885017423 0.1201923076923077 0.2613240418118467
