3 0.13221153846153846 0.8805970149253731 0.09615384615384616 0.08955223880597014
3 0.28125 0.8507462686567164 0.08653846153846154 0.12935323383084577
1 0.10216346153846155 0.34328358208955223 0.13701923076923078 0.31840796019900497
1 0.27403846153846156 0.3880597014925373 0.10096153846153846 0.3383084577114428
1 0.40384615384615385 0.38308457711442784 0.1201923076923077 0.31840796019900497
1 0.59375 0.3781094527363184 0.1201923076923077 0.3383084577114428
1 0.7608173076923077 0.4129353233830846 0.12259615384615385 0.31840796019900497
1 0.9459134615384616 0.4129353233830846 0.10817307692307693 0.3283582089552239
0 0.1201923076923077 0.08208955223880597 0.05288461538461539 0.0945273631840796
0 0.28605769230769235 0.13930348258706468 0.0625 0.09950248756218905
0 0.3894230769230769 0.14676616915422885 0.05288461538461539 0.1044776119402985
0 0.6033653846153847 0.12935323383084577 0.0625 0.10945273631840796
0 0.7632211538461539 0.1517412935323383 0.05048076923076923 0.1144278606965174
0 0.9447115384615385 0.14925373134328357 0.04807692307692308 0.10945273631840796
