3 0.2932692307692308 0.8782051282051283 0.08653846153846154 0.08974358974358976
3 0.3762019230769231 0.858974358974359 0.07932692307692309 0.05982905982905984
3 0.49399038461538464 0.8632478632478633 0.08413461538461539 0.07692307692307693
3 0.5949519230769231 0.8974358974358976 0.11298076923076923 0.09401709401709403
1 0.28605769230769235 0.5320512820512822 0.08653846153846154 0.23504273504273507
1 0.4831730769230769 0.4743589743589744 0.08173076923076923 0.23076923076923078
0 0.2800480769230769 0.3162393162393163 0.03605769230769231 0.042735042735042736
0 0.3786057692307693 0.28632478632478636 0.040865384615384616 0.05982905982905984
0 0.47355769230769235 0.28632478632478636 0.038461538461538464 0.042735042735042736
0 0.5853365384615385 0.27350427350427353 0.03605769230769231 0.05128205128205129
