0 0.17668269230769232 0.28685897435897434 0.06490384615384616 0.060897435897435896
0 0.3040865384615385 0.26282051282051283 0.06009615384615385 0.05128205128205128
0 0.4435096153846154 0.26121794871794873 0.06490384615384616 0.05448717948717949
0 0.5973557692307693 0.2419871794871795 0.06009615384615385 0.060897435897435896
0 0.7271634615384616 0.2708333333333333 0.06009615384615385 0.04807692307692307
0 0.8545673076923077 0.3173076923076923 0.06009615384615385 0.05128205128205128
1 0.1670673076923077 0.5048076923076923 0.13221153846153846 0.2596153846153846
1 0.3076923076923077 0.4599358974358974 0.12980769230769232 0.20192307692307693
1 0.4483173076923077 0.4855769230769231 0.13221153846153846 0.24679487179487178
1 0.59375 0.4615384615384615 0.125 0.24358974358974358
1 0.733173076923077 0.5128205128205128 0.13942307692307693 0.26282051282051283
1 0.8557692307692308 0.530448717948718 0.12980769230769232 0.24679487179487178
3 0.14543269230769232 0.9278846153846153 0.11778846153846155 0.08012820512820512
3 0.296875 0.9294871794871794 0.10336538461538462 0.05128205128205128
3 0.43509615384615385 0.9342948717948718 0.15865384615384617 0.060897435897435896
3 0.5793269230769231 0.9294871794871794 0.10576923076923078 0.07692307692307693
3 0.7079326923076924 0.9423076923076923 0.11778846153846155 0.08974358974358974
3 0.8317307692307693 0.9487179487179487 0.11057692307692309 0.05769230769230769
