3 0.04927884615384616 0.916015625 0.06971153846153846 0.05078125
3 0.1201923076923077 0.921875 0.0625 0.0625
3 0.1778846153846154 0.916015625 0.038461538461538464 0.07421875
3 0.2355769230769231 0.91796875 0.05288461538461539 0.0703125
3 0.29447115384615385 0.890625 0.05048076923076923 0.03125
3 0.3737980769230769 0.884765625 0.06971153846153846 0.04296875
3 0.43870192307692313 0.873046875 0.05528846153846154 0.03515625
3 0.5024038461538461 0.865234375 0.057692307692307696 0.04296875
3 0.5805288461538461 0.84375 0.040865384615384616 0.046875
3 0.6213942307692308 0.8359375 0.04567307692307693 0.046875
3 0.6730769230769231 0.826171875 0.05288461538461539 0.05859375
3 0.733173076923077 0.841796875 0.05288461538461539 0.05078125
3 0.78125 0.869140625 0.028846153846153848 0.03515625
3 0.8233173076923077 0.8984375 0.05048076923076923 0.0390625
3 0.8701923076923077 0.92578125 0.038461538461538464 0.046875
3 0.9338942307692308 0.966796875 0.06009615384615385 0.05859375
1 0.058894230769230775 0.625 0.07932692307692309 0.125
1 0.1045673076923077 0.640625 0.01201923076923077 0.1171875
1 0.18028846153846154 0.640625 0.04326923076923077 0.1484375
1 0.23918269230769232 0.623046875 0.06009615384615385 0.16015625
1 0.30168269230769235 0.642578125 0.05048076923076923 0.15234375
1 0.3701923076923077 0.62109375 0.057692307692307696 0.1484375
1 0.4399038461538462 0.609375 0.04807692307692308 0.125
1 0.5084134615384616 0.615234375 0.06009615384615385 0.13671875
1 0.5805288461538461 0.623046875 0.05048076923076923 0.13671875
1 0.6298076923076923 0.6484375 0.04807692307692308 0.1484375
1 0.6814903846153847 0.591796875 0.05048076923076923 0.12109375
1 0.733173076923077 0.623046875 0.04807692307692308 0.13671875
1 0.7776442307692308 0.638671875 0.03605769230769231 0.14453125
1 0.8125 0.666015625 0.028846153846153848 0.16796875
1 0.8521634615384616 0.638671875 0.03605769230769231 0.16015625
1 0.9038461538461539 0.626953125 0.05288461538461539 0.16796875
1 0.9543269230769231 0.66796875 0.07692307692307693 0.203125
0 0.0733173076923077 0.5078125 0.03125 0.03125
0 0.13221153846153846 0.5234375 0.03365384615384616 0.03125
0 0.18149038461538464 0.50390625 0.03605769230769231 0.046875
0 0.24399038461538464 0.486328125 0.026442307692307696 0.04296875
0 0.3028846153846154 0.521484375 0.02403846153846154 0.02734375
0 0.36899038461538464 0.509765625 0.026442307692307696 0.03515625
0 0.4399038461538462 0.498046875 0.019230769230769232 0.03515625
0 0.5096153846153847 0.494140625 0.02403846153846154 0.03515625
0 0.576923076923077 0.51171875 0.02403846153846154 0.03125
0 0.6225961538461539 0.544921875 0.019230769230769232 0.04296875
0 0.6766826923076923 0.48828125 0.021634615384615384 0.0390625
0 0.7295673076923077 0.5078125 0.026442307692307696 0.03125
0 0.7740384615384616 0.521484375 0.028846153846153848 0.04296875
0 0.8125 0.54296875 0.038461538461538464 0.046875
0 0.8557692307692308 0.509765625 0.03365384615384616 0.03515625
0 0.8978365384615385 0.4921875 0.040865384615384616 0.0546875
0 0.9495192307692308 0.4921875 0.04326923076923077 0.0546875
