0 0.12620192307692307 0.0776173285198556 0.23798076923076925 0.13357400722021662
0 0.4435096153846154 0.3068592057761733 0.2091346153846154 0.1516245487364621
0 0.6274038461538461 0.07220216606498195 0.1778846153846154 0.12274368231046932
0 0.7716346153846154 0.15703971119133575 0.10576923076923078 0.18411552346570398
0 0.8822115384615385 0.2743682310469314 0.12980769230769232 0.09386281588447654
2 0.12740384615384617 0.37545126353790614 0.1875 0.24548736462093865
2 0.4591346153846154 0.592057761732852 0.13461538461538464 0.1588447653429603
2 0.6370192307692308 0.29061371841155237 0.125 0.16967509025270758
2 0.7463942307692308 0.36101083032490977 0.0889423076923077 0.12996389891696752
2 0.8786057692307693 0.48014440433212996 0.10336538461538462 0.11552346570397112
1 0.15264423076923078 0.7779783393501806 0.28605769230769235 0.4368231046931408
1 0.47355769230769235 0.8501805054151624 0.28365384615384615 0.2996389891696751
1 0.7728365384615385 0.7942238267148015 0.0889423076923077 0.41155234657039713
1 0.8629807692307693 0.7671480144404332 0.20673076923076925 0.4584837545126354
