3 0.2560096153846154 0.9314079422382672 0.09855769230769232 0.10830324909747292
3 0.53125 0.9259927797833936 0.07692307692307693 0.11913357400722022
3 0.609375 0.888086642599278 0.11778846153846155 0.07942238267148015
3 0.8713942307692308 0.9151624548736462 0.040865384615384616 0.06859205776173286
2 0.26802884615384615 0.2220216606498195 0.03605769230769231 0.04693140794223827
2 0.4338942307692308 0.44223826714801445 0.05048076923076923 0.04693140794223827
2 0.6418269230769231 0.2148014440433213 0.038461538461538464 0.05415162454873646
2 0.7836538461538461 0.36823104693140796 0.04807692307692308 0.05776173285198556
1 0.24158653846153846 0.3537906137184116 0.12259615384615385 0.26714801444043323
1 0.4326923076923077 0.5974729241877257 0.125 0.3068592057761733
1 0.78125 0.5270758122743683 0.12980769230769232 0.2888086642599278
