0 0.11057692307692309 0.17100371747211895 0.06730769230769232 0.06691449814126393
0 0.3112980769230769 0.12453531598513011 0.06009615384615385 0.055762081784386616
0 0.5048076923076923 0.14684014869888476 0.05288461538461539 0.07063197026022304
0 0.6117788461538461 0.14684014869888476 0.05528846153846154 0.07806691449814127
0 0.7920673076923077 0.20817843866171004 0.06490384615384616 0.08178438661710037
0 0.8978365384615385 0.18029739776951673 0.05528846153846154 0.07063197026022304
3 0.12620192307692307 0.8401486988847583 0.1466346153846154 0.10408921933085502
3 0.33653846153846156 0.8643122676579925 0.14903846153846154 0.06319702602230483
3 0.5865384615384616 0.9219330855018587 0.14423076923076925 0.06691449814126393
3 0.828125 0.9535315985130111 0.11298076923076923 0.06319702602230483
3 0.9110576923076924 0.8159851301115241 0.04807692307692308 0.09293680297397769
3 0.5024038461538461 0.8494423791821561 0.08653846153846154 0.055762081784386616
1 0.328125 0.3494423791821561 0.13221153846153846 0.26765799256505574
1 0.5168269230769231 0.3643122676579926 0.10576923076923078 0.2527881040892193
1 0.6189903846153847 0.39776951672862454 0.13221153846153846 0.2899628252788104
1 0.8088942307692308 0.44981412639405205 0.1514423076923077 0.3420074349442379
1 0.890625 0.38104089219330856 0.09855769230769232 0.22676579925650556
