0 0.8816666666666667 0.0744047619047619 0.09666666666666668 0.08928571428571427
0 0.7083333333333334 0.08333333333333333 0.10333333333333335 0.07142857142857142
0 0.455 0.22916666666666666 0.07 0.125
0 0.375 0.1845238095238095 0.05666666666666667 0.11904761904761904
0 0.135 0.06845238095238095 0.12333333333333334 0.10119047619047619
2 0.7666666666666667 0.3214285714285714 0.14 0.39285714285714285
2 0.9316666666666668 0.3630952380952381 0.13 0.3333333333333333
2 0.10333333333333335 0.3333333333333333 0.12666666666666668 0.39285714285714285
2 0.43000000000000005 0.3601190476190476 0.13333333333333333 0.17261904761904762
2 0.19666666666666668 0.3363095238095238 0.04666666666666667 0.27976190476190477
