0 0.6068548387096774 0.15270935960591134 0.10080645161290322 0.10837438423645321
0 0.8608870967741935 0.1477832512315271 0.10080645161290322 0.09852216748768473
0 0.3850806451612903 0.15517241379310345 0.09274193548387097 0.10344827586206896
0 0.1310483870967742 0.1477832512315271 0.10887096774193548 0.09852216748768473
3 0.8649193548387096 0.9310344827586207 0.16532258064516128 0.07881773399014778
3 0.6108870967741935 0.8793103448275862 0.14919354838709678 0.2019704433497537
3 0.3629032258064516 0.9285714285714286 0.24193548387096775 0.054187192118226604
3 0.13306451612903225 0.8669950738916257 0.16129032258064516 0.22660098522167488
2 0.3709677419354839 0.4285714285714286 0.1693548387096774 0.3448275862068966
2 0.8548387096774194 0.4285714285714286 0.18548387096774194 0.33497536945812806
