1 0.40875 0.30875 0.0425 0.0475
1 0.5650000000000001 0.35875 0.035 0.0425
1 0.6062500000000001 0.29875 0.0325 0.0525
1 0.6975 0.28625 0.05 0.0475
1 0.8525 0.31625000000000003 0.035 0.0425
1 0.20750000000000002 0.355 0.03 0.045
1 0.145 0.38125000000000003 0.03 0.0375
3 0.2 0.95625 0.115 0.0825
3 0.12375 0.94875 0.0425 0.0675
3 0.4175 0.9425 0.11 0.065
3 0.56125 0.9325 0.0575 0.08
3 0.615 0.9175 0.035 0.07
3 0.7262500000000001 0.9075 0.1325 0.06
3 0.87125 0.895 0.11750000000000001 0.07
