1 0.7718495934959351 0.27010622154779973 0.05995934959349594 0.10015174506828528
1 0.8414634146341464 0.41198786039453716 0.05487804878048781 0.15629742033383914
1 0.4933943089430895 0.31866464339908956 0.0701219512195122 0.09711684370257967
1 0.25101626016260165 0.507587253414264 0.08333333333333334 0.19271623672230653
0 0.209349593495935 0.17754172989377845 0.17073170731707318 0.1608497723823976
0 0.4542682926829269 0.20713201820940821 0.14227642276422767 0.125948406676783
0 0.7906504065040652 0.17071320182094082 0.13821138211382114 0.16843702579666162
0 0.8907520325203253 0.09104704097116845 0.19410569105691058 0.16995447647951442
2 0.18546747967479676 0.5546282245827011 0.1819105691056911 0.4688922610015175
2 0.43495934959349597 0.5804248861911988 0.18089430894308944 0.44764795144157815
2 0.9115853658536587 0.5644916540212443 0.17479674796747968 0.6403641881638847
2 0.7906504065040652 0.5417298937784523 0.09959349593495936 0.42185128983308046
