0 0.12383900928792571 0.08653846153846154 0.05572755417956657 0.09615384615384615
0 0.2894736842105263 0.13141025641025642 0.06501547987616099 0.10897435897435898
0 0.39473684210526316 0.15384615384615385 0.06501547987616099 0.08974358974358974
0 0.6037151702786379 0.12179487179487179 0.07430340557275542 0.11538461538461538
0 0.7647058823529412 0.15705128205128205 0.05572755417956657 0.10897435897435898
0 0.955108359133127 0.15384615384615385 0.052631578947368425 0.08974358974358974
1 0.10681114551083593 0.3301282051282051 0.1393188854489164 0.35256410256410253
1 0.2739938080495356 0.4006410256410256 0.09597523219814243 0.36538461538461536
1 0.4040247678018576 0.3814102564102564 0.12074303405572756 0.3141025641025641
1 0.5975232198142415 0.3942307692307692 0.13003095975232198 0.33974358974358976
1 0.7647058823529412 0.40705128205128205 0.12383900928792571 0.3269230769230769
1 0.9009287925696595 0.25 0.0 0.05128205128205128
1 0.9458204334365325 0.41346153846153844 0.09597523219814243 0.30128205128205127
3 0.13003095975232198 0.8814102564102564 0.09907120743034056 0.10897435897435898
3 0.2755417956656347 0.8846153846153846 0.08668730650154799 0.10256410256410256
3 0.3080495356037152 0.8237179487179487 0.052631578947368425 0.08333333333333333
3 0.4179566563467493 0.9134615384615384 0.04953560371517028 0.07051282051282051
3 0.5835913312693499 0.9326923076923077 0.07120743034055728 0.07051282051282051
