0 0.10450819672131148 0.178743961352657 0.0860655737704918 0.0966183574879227
0 0.20081967213114754 0.15217391304347824 0.09836065573770492 0.10144927536231883
0 0.29918032786885246 0.13768115942028986 0.07377049180327869 0.08212560386473429
0 0.4098360655737705 0.05555555555555555 0.09836065573770492 0.10144927536231883
0 0.4877049180327869 0.13043478260869565 0.06557377049180328 0.04830917874396135
0 0.5737704918032788 0.07004830917874395 0.10655737704918034 0.10144927536231883
0 0.7540983606557378 0.178743961352657 0.07377049180327869 0.05797101449275362
0 0.7766393442622951 0.07729468599033816 0.0860655737704918 0.08695652173913043
0 0.9221311475409837 0.15458937198067632 0.0819672131147541 0.06763285024154589
3 0.20491803278688525 0.9371980676328502 0.11475409836065574 0.0966183574879227
3 0.35655737704918034 0.8454106280193237 0.05737704918032787 0.0966183574879227
3 0.5081967213114754 0.9154589371980676 0.0819672131147541 0.1111111111111111
3 0.6413934426229508 0.9371980676328502 0.0860655737704918 0.11594202898550723
3 0.7991803278688525 0.8140096618357487 0.1557377049180328 0.1497584541062802
3 0.9180327868852459 0.7294685990338164 0.02459016393442623 0.0966183574879227
3 0.7110655737704918 0.7294685990338164 0.09426229508196722 0.05797101449275362
3 0.07991803278688525 0.78743961352657 0.045081967213114756 0.07729468599033816
3 0.30327868852459017 0.7681159420289855 0.06557377049180328 0.0966183574879227
