0 0.6574074074074074 0.25133689839572193 0.2111111111111111 0.16042780748663102
0 0.45555555555555555 0.2727272727272727 0.17777777777777778 0.16042780748663102
0 0.3277777777777778 0.3342245989304813 0.15185185185185185 0.1336898395721925
0 0.17222222222222222 0.22727272727272727 0.17407407407407408 0.1764705882352941
2 0.14814814814814814 0.40106951871657753 0.0962962962962963 0.0748663101604278
2 0.3074074074074074 0.48128342245989303 0.10370370370370371 0.0962566844919786
2 0.4166666666666667 0.42780748663101603 0.0925925925925926 0.11764705882352941
2 0.6222222222222222 0.4304812834224599 0.0962962962962963 0.08021390374331551
1 0.6759259259259259 0.713903743315508 0.26296296296296295 0.4224598930481283
1 0.46851851851851856 0.7379679144385026 0.2111111111111111 0.3850267379679144
1 0.17592592592592593 0.7032085561497325 0.18888888888888888 0.4224598930481283
