2 0.12135922330097088 0.3564139941690962 0.19805825242718444 0.2230320699708455
2 0.46262135922330094 0.5728862973760933 0.14660194174757282 0.16909620991253643
2 0.6349514563106796 0.2849854227405248 0.12815533980582525 0.1588921282798834
2 0.7446601941747573 0.3534985422740525 0.09514563106796116 0.12682215743440234
2 0.879126213592233 0.4628279883381924 0.11359223300970873 0.10932944606413994
0 0.13495145631067962 0.08381924198250729 0.2601941747572815 0.15597667638483964
0 0.4320388349514563 0.38994169096209913 0.2466019417475728 0.3279883381924198
0 0.629126213592233 0.07507288629737609 0.18640776699029127 0.141399416909621
0 0.7669902912621359 0.15379008746355685 0.1262135922330097 0.18221574344023322
0 0.8737864077669902 0.29591836734693877 0.16504854368932037 0.1661807580174927
1 0.1529126213592233 0.7674927113702624 0.3019417475728155 0.4446064139941691
1 0.5334951456310679 0.5947521865889213 0.4262135922330097 0.16034985422740525
1 0.845631067961165 0.7638483965014577 0.2563106796116505 0.47230320699708456
