0 0.11090909090909092 0.27595628415300544 0.12727272727272726 0.11475409836065574
0 0.38 0.28688524590163933 0.06909090909090909 0.09289617486338798
0 0.6181818181818182 0.2568306010928962 0.05818181818181818 0.08743169398907104
0 0.9054545454545454 0.20491803278688525 0.13090909090909092 0.12568306010928962
1 0.8981818181818182 0.5163934426229508 0.17454545454545456 0.3551912568306011
1 0.3890909090909091 0.46174863387978143 0.11636363636363636 0.2568306010928962
1 0.62 0.4672131147540984 0.13454545454545455 0.23497267759562843
3 0.5763636363636364 0.8770491803278688 0.06181818181818182 0.08196721311475409
3 0.6654545454545454 0.9262295081967213 0.05818181818181818 0.08196721311475409
3 0.38545454545454544 0.9153005464480874 0.11636363636363636 0.12568306010928962
