0 0.3927272727272727 0.125 0.08 0.11956521739130435
0 0.5345454545454545 0.23369565217391303 0.05818181818181818 0.09782608695652173
0 0.7327272727272727 0.1467391304347826 0.08363636363636363 0.08695652173913043
0 0.6163636363636363 0.2092391304347826 0.10545454545454545 0.08152173913043478
0 0.21272727272727274 0.16304347826086957 0.06181818181818182 0.09782608695652173
0 0.2963636363636364 0.19565217391304346 0.04 0.07608695652173914
0 0.8781818181818182 0.23369565217391303 0.06181818181818182 0.07608695652173914
0 0.9363636363636364 0.23641304347826086 0.05454545454545454 0.09239130434782608
0 0.4709090909090909 0.21467391304347824 0.05454545454545454 0.125
0 0.056363636363636366 0.1875 0.03272727272727273 0.07065217391304347
3 0.5127272727272727 0.8885869565217391 0.10909090909090909 0.20108695652173914
3 0.6963636363636364 0.8478260869565217 0.16363636363636364 0.20652173913043478
3 0.9036363636363637 0.8451086956521738 0.05454545454545454 0.15760869565217392
3 0.20727272727272728 0.8695652173913043 0.11636363636363636 0.15217391304347827
3 0.3690909090909091 0.8913043478260869 0.04727272727272727 0.21739130434782608
3 0.3109090909090909 0.8315217391304348 0.06181818181818182 0.17391304347826086
3 0.5890909090909091 0.8260869565217391 0.05818181818181818 0.15217391304347827
3 0.7890909090909091 0.8179347826086957 0.06545454545454546 0.20108695652173914
