0 0.22393822393822393 0.20103092783505155 0.09266409266409267 0.08247422680412371
0 0.3841698841698842 0.25 0.10424710424710425 0.08762886597938144
0 0.5 0.24742268041237114 0.08108108108108109 0.07216494845360824
0 0.61003861003861 0.2551546391752577 0.0694980694980695 0.04639175257731959
0 0.7335907335907336 0.27835051546391754 0.07722007722007722 0.061855670103092786
1 0.7567567567567568 0.46649484536082475 0.1312741312741313 0.2422680412371134
1 0.61003861003861 0.4639175257731959 0.138996138996139 0.1958762886597938
1 0.49034749034749037 0.4845360824742268 0.16216216216216217 0.26804123711340205
1 0.3841698841698842 0.5025773195876289 0.15057915057915058 0.34536082474226804
1 0.23938223938223938 0.4922680412371134 0.16216216216216217 0.42783505154639173
3 0.21042471042471042 0.9407216494845361 0.15057915057915058 0.10824742268041238
3 0.444015444015444 0.9432989690721649 0.1003861003861004 0.08247422680412371
3 0.5270270270270271 0.9458762886597938 0.09652509652509653 0.07731958762886598
3 0.5830115830115831 0.9097938144329897 0.0694980694980695 0.12886597938144329
3 0.6833976833976834 0.9432989690721649 0.06177606177606178 0.10309278350515463
3 0.7664092664092664 0.9278350515463918 0.15057915057915058 0.1134020618556701
