0 0.6648437500000001 0.10277777777777779 0.0625 0.07777777777777778
0 0.831640625 0.09861111111111112 0.11171875 0.11944444444444445
0 0.30507812500000003 0.025694444444444447 0.14609375 0.04861111111111111
0 0.390234375 0.1736111111111111 0.08515625 0.09722222222222222
0 0.09062500000000001 0.07569444444444445 0.125 0.10972222222222222
0 0.190234375 0.12569444444444444 0.09921875000000001 0.09305555555555556
1 0.08164062500000001 0.4965277777777778 0.15703125 0.5013888888888889
3 0.6160156250000001 0.8930555555555556 0.05859375 0.07777777777777778
3 0.689453125 0.9041666666666667 0.05234375 0.09166666666666667
1 0.42695312500000004 0.5180555555555556 0.06328125 0.4083333333333333
1 0.95859375 0.4166666666666667 0.078125 0.4861111111111111
