3 0.08388157894736842 0.8855421686746988 0.042763157894736836 0.08433734939759037
3 0.17763157894736842 0.8825301204819278 0.05921052631578947 0.0783132530120482
3 0.2746710526315789 0.855421686746988 0.05592105263157894 0.060240963855421686
3 0.31414473684210525 0.9156626506024097 0.05592105263157894 0.07228915662650603
3 0.39473684210526316 0.855421686746988 0.05921052631578947 0.10843373493975904
3 0.4851973684210526 0.8885542168674699 0.042763157894736836 0.0783132530120482
3 0.5921052631578947 0.8463855421686748 0.11184210526315788 0.12650602409638556
3 0.7138157894736842 0.855421686746988 0.046052631578947366 0.0963855421686747
3 0.7763157894736842 0.8403614457831325 0.06578947368421052 0.10240963855421688
3 0.8371710526315789 0.8825301204819278 0.08881578947368421 0.0783132530120482
3 0.9111842105263157 0.8945783132530121 0.03289473684210526 0.09036144578313253
0 0.888157894736842 0.12951807228915663 0.05921052631578947 0.09036144578313253
0 0.7532894736842105 0.11746987951807229 0.05921052631578947 0.09036144578313253
0 0.5904605263157895 0.09337349397590362 0.0625 0.0783132530120482
0 0.42105263157894735 0.12650602409638556 0.05921052631578947 0.0963855421686747
0 0.26480263157894735 0.12951807228915663 0.06907894736842105 0.09036144578313253
0 0.11019736842105263 0.15963855421686748 0.05592105263157894 0.042168674698795185
