0 0.8454545454545455 0.08743169398907104 0.12 0.12021857923497267
0 0.6 0.16120218579234974 0.08 0.10382513661202186
0 0.5127272727272727 0.1830601092896175 0.07272727272727272 0.060109289617486336
0 0.12545454545454546 0.15300546448087432 0.08363636363636363 0.12021857923497267
0 0.14727272727272728 0.040983606557377046 0.04727272727272727 0.060109289617486336
0 0.19636363636363635 0.17486338797814208 0.05818181818181818 0.07650273224043716
0 0.25636363636363635 0.1366120218579235 0.04727272727272727 0.0546448087431694
0 0.3418181818181818 0.1830601092896175 0.05090909090909091 0.060109289617486336
0 0.43454545454545457 0.1885245901639344 0.04727272727272727 0.060109289617486336
0 0.4818181818181818 0.11202185792349727 0.04727272727272727 0.060109289617486336
