3 0.6935483870967742 0.8566666666666667 0.06451612903225806 0.08
3 0.7508064516129033 0.8350000000000001 0.0532258064516129 0.08333333333333334
0 0.6830645161290323 0.135 0.07258064516129033 0.09000000000000001
0 0.3975806451612903 0.14166666666666666 0.07903225806451612 0.09666666666666668
0 0.4854838709677419 0.4733333333333334 0.05806451612903226 0.11333333333333334
0 0.27580645161290324 0.06333333333333334 0.08709677419354839 0.12000000000000001
0 0.4854838709677419 0.14 0.06129032258064516 0.10666666666666667
0 0.06129032258064516 0.08 0.1064516129032258 0.14
1 0.7129032258064516 0.3666666666666667 0.14193548387096774 0.28
1 0.26048387096774195 0.37333333333333335 0.1532258064516129 0.4266666666666667
1 0.36451612903225805 0.3433333333333334 0.08387096774193549 0.2733333333333334
1 0.5064516129032258 0.4783333333333334 0.12903225806451613 0.55
1 0.08387096774193549 0.5800000000000001 0.15806451612903225 0.8066666666666668
