0 0.10245901639344263 0.17391304347826086 0.07377049180327869 0.08695652173913043
0 0.2069672131147541 0.15217391304347824 0.09426229508196722 0.07246376811594203
0 0.4057377049180328 0.04830917874396135 0.09016393442622951 0.0966183574879227
0 0.29918032786885246 0.13526570048309178 0.06557377049180328 0.08695652173913043
0 0.5799180327868853 0.05314009661835749 0.11065573770491804 0.07729468599033816
0 0.8053278688524591 0.07246376811594203 0.10245901639344263 0.0966183574879227
0 0.9200819672131147 0.1473429951690821 0.0778688524590164 0.07246376811594203
0 0.7520491803278689 0.18840579710144928 0.06967213114754099 0.06763285024154589
0 0.4795081967213115 0.1111111111111111 0.05737704918032787 0.06763285024154589
3 0.20081967213114754 0.9227053140096618 0.12295081967213116 0.08695652173913043
3 0.5061475409836066 0.9227053140096618 0.09426229508196722 0.10628019323671498
3 0.6290983606557378 0.9492753623188406 0.09426229508196722 0.10144927536231883
3 0.7991803278688525 0.8164251207729468 0.13934426229508198 0.13526570048309178
3 0.07377049180327869 0.7777777777777778 0.05737704918032787 0.07729468599033816
3 0.35655737704918034 0.8502415458937198 0.06557377049180328 0.08695652173913043
3 0.9118852459016394 0.7439613526570048 0.05327868852459017 0.06763285024154589
