3 0.6618181818181819 0.8688524590163934 0.10181818181818182 0.09836065573770492
3 0.7618181818181818 0.9453551912568307 0.09818181818181818 0.13114754098360656
3 0.45636363636363636 0.7786885245901639 0.08363636363636363 0.04918032786885246
1 0.7781818181818182 0.49453551912568305 0.18181818181818182 0.2459016393442623
1 0.6472727272727272 0.453551912568306 0.09454545454545454 0.14207650273224043
1 0.4709090909090909 0.3825136612021858 0.09090909090909091 0.22950819672131148
0 0.7490909090909091 0.27049180327868855 0.08727272727272728 0.09289617486338798
0 0.6472727272727272 0.22404371584699453 0.06545454545454546 0.06557377049180328
0 0.4818181818181818 0.2459016393442623 0.11272727272727273 0.07650273224043716
0 0.5545454545454546 0.32786885245901637 0.06181818181818182 0.08743169398907104
