0 0.057421875000000004 0.19050410316529892 0.11328125 0.09495896834701055
0 0.20273437500000002 0.4196951934349355 0.11640625 0.14302461899179367
0 0.3921875 0.21395076201641264 0.12187500000000001 0.11840562719812425
0 0.55625 0.19636576787807736 0.1546875 0.11840562719812425
0 0.755078125 0.2702227432590856 0.17890625000000002 0.17702227432590856
0 0.740234375 0.10550996483001171 0.14765625000000002 0.13364595545134816
2 0.045312500000000006 0.31242672919109027 0.060937500000000006 0.08089097303634231
2 0.18984375 0.5234466588511136 0.07968750000000001 0.08323563892145369
2 0.3796875 0.31418522860492376 0.07187500000000001 0.0984759671746776
2 0.5457031250000001 0.3364595545134818 0.07421875 0.11254396248534583
2 0.73828125 0.44255568581477134 0.09843750000000001 0.10199296600234466
2 0.72578125 0.21570926143024619 0.0625 0.07502930832356389
1 0.22187500000000002 0.7590855803048066 0.203125 0.4349355216881594
1 0.382421875 0.5152403282532239 0.14921875 0.3645955451348183
1 0.726171875 0.3593200468933177 0.13984375000000002 0.24970691676436105
