1 0.07636363636363637 0.45901639344262296 0.12363636363636364 0.25136612021857924
1 0.21454545454545454 0.5109289617486339 0.11636363636363636 0.3005464480874317
1 0.44181818181818183 0.4644808743169399 0.09090909090909091 0.24043715846994534
1 0.33090909090909093 0.4726775956284153 0.09454545454545454 0.2459016393442623
1 0.5745454545454546 0.5191256830601093 0.07272727272727272 0.22950819672131148
1 0.6818181818181818 0.45901639344262296 0.06909090909090909 0.20765027322404372
1 0.769090909090909 0.48633879781420764 0.09818181818181818 0.22950819672131148
1 0.8345454545454546 0.45081967213114754 0.08363636363636363 0.21311475409836064
1 0.9436363636363636 0.5191256830601093 0.10545454545454545 0.24043715846994534
3 0.038181818181818185 0.8989071038251366 0.06181818181818182 0.1912568306010929
3 0.12181818181818181 0.8907103825136612 0.05454545454545454 0.2185792349726776
3 0.21818181818181817 0.9617486338797814 0.13818181818181818 0.09836065573770492
3 0.30727272727272725 0.8415300546448088 0.06181818181818182 0.12021857923497267
3 0.3618181818181818 0.825136612021858 0.04727272727272727 0.1092896174863388
3 0.41454545454545455 0.7896174863387978 0.08 0.15846994535519127
3 0.49818181818181817 0.7704918032786885 0.07272727272727272 0.16393442622950818
3 0.6181818181818182 0.773224043715847 0.08727272727272728 0.1366120218579235
3 0.7181818181818181 0.8142076502732241 0.08363636363636363 0.18579234972677597
3 0.7872727272727272 0.7978142076502732 0.05454545454545454 0.12021857923497267
0 0.08363636363636363 0.27049180327868855 0.07272727272727272 0.08196721311475409
0 0.21454545454545454 0.2459016393442623 0.05818181818181818 0.1092896174863388
0 0.2690909090909091 0.2185792349726776 0.02909090909090909 0.01092896174863388
0 0.31636363636363635 0.27049180327868855 0.06545454545454546 0.060109289617486336
0 0.43272727272727274 0.29508196721311475 0.05090909090909091 0.07650273224043716
0 0.5854545454545454 0.3224043715846995 0.05818181818181818 0.07650273224043716
0 0.9636363636363636 0.3360655737704918 0.04363636363636364 0.08196721311475409
0 0.9109090909090909 0.3224043715846995 0.06909090909090909 0.0546448087431694
0 0.7563636363636363 0.31420765027322406 0.08727272727272728 0.08196721311475409
0 0.8181818181818182 0.319672131147541 0.014545454545454545 0.03825136612021858
0 0.850909090909091 0.3114754098360656 0.03636363636363636 0.04371584699453552
