0 0.9473684210526316 0.17628205128205127 0.04953560371517028 0.12179487179487179
0 0.7647058823529412 0.14423076923076922 0.07430340557275542 0.16025641025641024
0 0.6021671826625388 0.1346153846153846 0.05882352941176471 0.1282051282051282
0 0.39009287925696595 0.14423076923076922 0.06811145510835914 0.12179487179487179
0 0.2863777089783282 0.1378205128205128 0.06501547987616099 0.10897435897435898
0 0.11919504643962849 0.07051282051282051 0.052631578947368425 0.07692307692307693
1 0.10835913312693499 0.34935897435897434 0.14241486068111456 0.30128205128205127
1 0.2770897832817338 0.4006410256410256 0.11455108359133127 0.40384615384615385
1 0.4040247678018576 0.38782051282051283 0.1393188854489164 0.33974358974358976
1 0.5959752321981424 0.36858974358974356 0.1393188854489164 0.36538461538461536
1 0.758513931888545 0.40384615384615385 0.13003095975232198 0.34615384615384615
1 0.9489164086687307 0.41025641025641024 0.12074303405572756 0.358974358974359
