0 0.167 0.24493243243243246 0.058 0.11148648648648649
0 0.368 0.24831081081081083 0.064 0.08445945945945946
0 0.428 0.2533783783783784 0.052000000000000005 0.10135135135135136
0 0.424 0.2567567567567568 0.052000000000000005 0.0945945945945946
0 0.497 0.23310810810810811 0.054 0.07432432432432433
0 0.8290000000000001 0.20945945945945948 0.05 0.10810810810810811
0 0.857 0.4408783783783784 0.054 0.09797297297297297
0 0.898 0.2347972972972973 0.052000000000000005 0.07770270270270271
3 0.079 0.8783783783783784 0.05 0.08108108108108109
3 0.219 0.875 0.062 0.06756756756756757
3 0.294 0.7533783783783784 0.036000000000000004 0.08108108108108109
3 0.369 0.7432432432432433 0.074 0.07432432432432433
3 0.403 0.6739864864864865 0.046 0.07094594594594594
3 0.47700000000000004 0.7770270270270271 0.062 0.08783783783783784
3 0.772 0.7820945945945946 0.06 0.057432432432432436
3 0.859 0.7280405405405406 0.07 0.07094594594594594
1 0.14400000000000002 0.4273648648648649 0.092 0.21283783783783786
1 0.338 0.3918918918918919 0.084 0.20270270270270271
1 0.47700000000000004 0.41891891891891897 0.098 0.25
1 0.754 0.47635135135135137 0.156 0.14864864864864866
1 0.789 0.33783783783783783 0.078 0.14864864864864866
