0 0.665 0.2708333333333333 0.05666666666666667 0.06547619047619047
0 0.7100000000000001 0.25 0.060000000000000005 0.08333333333333333
0 0.5750000000000001 0.125 0.05666666666666667 0.05952380952380952
0 0.4316666666666667 0.30357142857142855 0.043333333333333335 0.05952380952380952
0 0.32 0.2738095238095238 0.06666666666666667 0.08333333333333333
0 0.14500000000000002 0.07738095238095238 0.06333333333333334 0.09523809523809523
0 0.021666666666666667 0.07142857142857142 0.03666666666666667 0.08333333333333333
1 0.7816666666666667 0.44345238095238093 0.14333333333333334 0.26785714285714285
1 0.6900000000000001 0.44940476190476186 0.07333333333333333 0.20833333333333331
1 0.5683333333333334 0.30357142857142855 0.09666666666666668 0.23809523809523808
1 0.42500000000000004 0.45238095238095233 0.07666666666666667 0.21428571428571427
1 0.29000000000000004 0.4196428571428571 0.11333333333333334 0.24404761904761904
1 0.12166666666666667 0.2708333333333333 0.09666666666666668 0.27976190476190477
3 0.88 0.8779761904761905 0.060000000000000005 0.07738095238095238
3 0.7383333333333334 0.8392857142857142 0.07 0.07142857142857142
3 0.135 0.7202380952380952 0.06333333333333334 0.047619047619047616
3 0.29500000000000004 0.8303571428571428 0.05666666666666667 0.06547619047619047
3 0.02666666666666667 0.7619047619047619 0.02666666666666667 0.047619047619047616
3 0.6633333333333333 0.7886904761904762 0.07333333333333333 0.05357142857142857
