0 0.1454248366013072 0.30510752688172044 0.08823529411764706 0.11559139784946237
0 0.42483660130718953 0.26209677419354843 0.10457516339869281 0.12096774193548387
0 0.5588235294117647 0.28763440860215056 0.09803921568627451 0.10752688172043012
0 0.7107843137254902 0.3360215053763441 0.10130718954248366 0.11290322580645162
0 0.8267973856209151 0.27688172043010756 0.09150326797385622 0.07526881720430108
1 0.39950980392156865 0.6478494623655915 0.22058823529411764 0.5268817204301076
1 0.14624183006535948 0.6572580645161291 0.2434640522875817 0.44892473118279574
1 0.7450980392156863 0.7405913978494624 0.2679738562091503 0.5188172043010754
1 0.8782679738562091 0.6545698924731184 0.2042483660130719 0.46505376344086025
1 0.5612745098039216 0.6155913978494624 0.18137254901960784 0.446236559139785
