0 0.17636363636363636 0.2459016393442623 0.10545454545454545 0.09836065573770492
0 0.39636363636363636 0.31420765027322406 0.12363636363636364 0.10382513661202186
0 0.5945454545454546 0.33879781420765026 0.12 0.1092896174863388
0 0.7890909090909091 0.319672131147541 0.10909090909090909 0.11475409836065574
2 0.18181818181818182 0.34972677595628415 0.10909090909090909 0.07650273224043716
2 0.39454545454545453 0.4016393442622951 0.10545454545454545 0.08196721311475409
2 0.5963636363636363 0.4344262295081967 0.09454545454545454 0.09289617486338798
2 0.7909090909090909 0.41530054644808745 0.10545454545454545 0.07650273224043716
1 0.17454545454545456 0.5245901639344263 0.17454545454545456 0.28415300546448086
1 0.4018181818181818 0.6284153005464481 0.22181818181818183 0.34972677595628415
1 0.7854545454545454 0.6229508196721312 0.18181818181818182 0.32786885245901637
