0 0.7529166666666667 0.26841448189762795 0.1991666666666667 0.264669163545568
0 0.5891666666666667 0.34207240948813983 0.065 0.18726591760299627
0 0.5004166666666667 0.24906367041198502 0.20750000000000002 0.2784019975031211
0 0.26125000000000004 0.36142322097378277 0.17083333333333334 0.24344569288389514
2 0.6958333333333334 0.3913857677902622 0.095 0.14856429463171036
2 0.42750000000000005 0.33270911360799 0.08666666666666667 0.1760299625468165
2 0.21541666666666667 0.4912609238451935 0.09250000000000001 0.1585518102372035
1 0.7779166666666667 0.735330836454432 0.25083333333333335 0.5168539325842697
1 0.5166666666666667 0.7109862671660424 0.25833333333333336 0.5780274656679151
1 0.24625000000000002 0.7640449438202247 0.2775 0.46192259675405745
