0 0.7158333333333334 0.16055555555555556 0.09666666666666668 0.08555555555555555
0 0.42458333333333337 0.11888888888888889 0.07250000000000001 0.08666666666666667
0 0.24166666666666667 0.15333333333333332 0.195 0.12
2 0.7191666666666667 0.24 0.05666666666666667 0.05555555555555555
2 0.42458333333333337 0.19055555555555556 0.04916666666666667 0.058888888888888886
2 0.25 0.2538888888888889 0.065 0.07222222222222222
3 0.7545833333333334 0.7716666666666666 0.08583333333333334 0.07444444444444444
3 0.6591666666666667 0.7861111111111111 0.065 0.07
3 0.3916666666666667 0.78 0.04833333333333334 0.07777777777777778
3 0.33 0.9577777777777777 0.10500000000000001 0.07333333333333333
