1 0.11703821656050956 0.3943181818181818 0.17356687898089174 0.27954545454545454
1 0.2746815286624204 0.5318181818181817 0.07484076433121019 0.1409090909090909
1 0.3861464968152866 0.5170454545454545 0.10987261146496816 0.22954545454545452
1 0.5867834394904459 0.5193181818181818 0.12579617834394904 0.23409090909090907
1 0.856687898089172 0.44886363636363635 0.17515923566878983 0.3931818181818182
0 0.8511146496815287 0.17045454545454544 0.13535031847133758 0.10909090909090909
0 0.5851910828025478 0.32727272727272727 0.08757961783439491 0.05909090909090909
0 0.3853503184713376 0.3477272727272727 0.06369426751592357 0.06818181818181818
0 0.28343949044585987 0.43068181818181817 0.04777070063694268 0.056818181818181816
0 0.13535031847133758 0.1693181818181818 0.07006369426751592 0.07045454545454545
2 0.873407643312102 0.23636363636363636 0.06528662420382166 0.08636363636363636
2 0.5851910828025478 0.3727272727272727 0.04936305732484077 0.07272727272727272
2 0.3861464968152866 0.3977272727272727 0.04299363057324841 0.06818181818181818
2 0.28343949044585987 0.4636363636363636 0.03184713375796178 0.045454545454545456
2 0.12977707006369427 0.23295454545454544 0.0589171974522293 0.08409090909090909
3 0.7117834394904459 0.9420454545454545 0.10191082802547771 0.09772727272727272
3 0.6122611464968153 0.9227272727272727 0.08757961783439491 0.11363636363636363
3 0.5 0.8431818181818181 0.08280254777070065 0.1590909090909091
3 0.38057324840764334 0.8556818181818181 0.07006369426751592 0.1159090909090909
3 0.3144904458598726 0.7954545454545454 0.04299363057324841 0.09999999999999999
3 0.2802547770700637 0.7454545454545454 0.04140127388535032 0.07727272727272727
3 0.24601910828025478 0.734090909090909 0.03662420382165605 0.08181818181818182
3 0.13296178343949044 0.8795454545454545 0.07802547770700638 0.14545454545454545
3 0.05652866242038217 0.8704545454545454 0.052547770700636945 0.12272727272727273
