1 0.8427777777777777 0.5044444444444445 0.13666666666666666 0.26222222222222225
1 0.66 0.5122222222222222 0.12444444444444444 0.3088888888888889
1 0.5266666666666666 0.5633333333333334 0.10888888888888888 0.2644444444444444
1 0.4011111111111111 0.5577777777777778 0.11777777777777777 0.29333333333333333
1 0.27166666666666667 0.5688888888888889 0.11666666666666667 0.24444444444444444
2 0.8305555555555556 0.35 0.043333333333333335 0.07333333333333333
2 0.6533333333333333 0.32666666666666666 0.051111111111111114 0.07555555555555556
2 0.5194444444444445 0.4122222222222222 0.04777777777777778 0.07777777777777778
2 0.3977777777777778 0.3844444444444444 0.042222222222222223 0.08
2 0.2783333333333333 0.42444444444444446 0.03888888888888889 0.08
