1 0.6828125 0.3755605381165919 0.19375 0.30269058295964124
1 0.290625 0.3901345291479821 0.12187500000000001 0.3632286995515695
3 0.69453125 0.9125560538116592 0.0765625 0.10313901345291479
3 0.625 0.9114349775784754 0.096875 0.10538116591928251
3 0.30781250000000004 0.9181614349775785 0.1125 0.10089686098654709
3 0.3015625 0.9181614349775785 0.146875 0.10538116591928251
0 0.64609375 0.09977578475336323 0.11406250000000001 0.09192825112107623
0 0.32734375000000004 0.1311659192825112 0.1203125 0.11883408071748879
2 0.6203125 0.18834080717488788 0.07187500000000001 0.08071748878923767
2 0.36250000000000004 0.22869955156950672 0.046875 0.08520179372197309
