0 0.7670138888888889 0.14358736059479554 0.08541666666666667 0.07713754646840149
0 0.5659722222222222 0.13104089219330856 0.08194444444444444 0.08178438661710037
0 0.3996527777777778 0.17286245353159851 0.08263888888888889 0.0724907063197026
0 0.20277777777777778 0.11384758364312267 0.08055555555555556 0.07156133828996282
1 0.7739583333333334 0.3559479553903346 0.15208333333333335 0.24721189591078066
1 0.5697916666666667 0.34851301115241634 0.12152777777777778 0.22490706319702602
1 0.390625 0.3819702602230483 0.13958333333333334 0.3066914498141264
1 0.18888888888888888 0.30855018587360594 0.14166666666666666 0.2732342007434944
3 0.8048611111111111 0.8262081784386617 0.0638888888888889 0.07063197026022304
3 0.7388888888888889 0.7411710037174721 0.058333333333333334 0.10315985130111524
3 0.6079861111111111 0.7764869888475836 0.07986111111111112 0.10687732342007435
3 0.4996527777777778 0.7263011152416357 0.07708333333333334 0.07156133828996282
3 0.4288194444444445 0.7806691449814126 0.08263888888888889 0.08921933085501858
3 0.31319444444444444 0.8080855018587361 0.05555555555555556 0.09014869888475836
3 0.1982638888888889 0.7848513011152416 0.07986111111111112 0.10501858736059479
3 0.12812500000000002 0.8057620817843866 0.06597222222222222 0.10594795539033457
