0 0.811904761904762 0.11875 0.1761904761904762 0.18035714285714285
0 0.4916666666666667 0.08035714285714285 0.14285714285714288 0.1357142857142857
0 0.3642857142857143 0.225 0.08571428571428572 0.11071428571428571
1 0.7815476190476192 0.5767857142857142 0.28690476190476194 0.6142857142857142
1 0.5511904761904762 0.4357142857142857 0.18333333333333335 0.42142857142857143
1 0.37440476190476196 0.4321428571428571 0.1416666666666667 0.28214285714285714
3 0.29285714285714287 0.8410714285714286 0.05476190476190477 0.09285714285714286
3 0.39642857142857146 0.8848214285714285 0.05714285714285715 0.09464285714285714
2 0.8035714285714286 0.3080357142857143 0.08095238095238096 0.1232142857142857
2 0.46666666666666673 0.21160714285714285 0.04761904761904762 0.09464285714285714
2 0.36904761904761907 0.30357142857142855 0.04761904761904762 0.06428571428571428
