1 0.8929273084479371 0.8544117647058823 0.14341846758349705 0.2852941176470588
1 0.8064833005893909 0.825 0.11591355599214144 0.3205882352941176
1 0.5943025540275049 0.7941176470588235 0.23379174852652257 0.38823529411764707
1 0.28585461689587427 0.7044117647058823 0.3359528487229862 0.5852941176470589
2 0.8850687622789783 0.65 0.07269155206286837 0.11764705882352941
2 0.7858546168958742 0.5294117647058824 0.0667976424361493 0.12352941176470589
2 0.7220039292730844 0.41323529411764703 0.07269155206286837 0.15
2 0.5687622789783889 0.5323529411764706 0.09233791748526522 0.1588235294117647
2 0.3516699410609037 0.29411764705882354 0.10216110019646364 0.2
0 0.8781925343811394 0.5308823529411765 0.14145383104125736 0.1264705882352941
0 0.780943025540275 0.39705882352941174 0.1355599214145383 0.12941176470588234
0 0.6856581532416502 0.25588235294117645 0.20039292730844793 0.13529411764705881
0 0.524557956777996 0.4338235294117647 0.1886051080550098 0.2676470588235294
0 0.29371316306483297 0.11176470588235293 0.2770137524557957 0.19411764705882353
