3 0.171 0.7520775623268698 0.05 0.07756232686980609
3 0.295 0.7209141274238228 0.04 0.11772853185595568
3 0.5365 0.7666204986149584 0.035 0.07063711911357341
3 0.6025 0.788781163434903 0.041 0.07340720221606649
3 0.7445 0.7673130193905817 0.039 0.10249307479224377
3 0.8455 0.9037396121883656 0.061 0.08448753462603878
3 0.909 0.8829639889196675 0.048 0.11772853185595568
3 0.092 0.5934903047091413 0.036000000000000004 0.04293628808864266
1 0.869 0.45429362880886426 0.188 0.3628808864265928
1 0.749 0.4293628808864266 0.12 0.22714681440443213
1 0.5755 0.4466759002770083 0.111 0.2451523545706371
1 0.2905 0.42867036011080334 0.115 0.22022160664819945
1 0.133 0.4314404432132964 0.12 0.22299168975069253
1 0.17200000000000001 0.28601108033240996 0.062 0.07340720221606649
0 0.14 0.20221606648199447 0.058 0.04709141274238227
0 0.132 0.26177285318559557 0.078 0.07479224376731301
0 0.292 0.2721606648199446 0.066 0.06509695290858726
0 0.578 0.25415512465373963 0.068 0.07617728531855955
0 0.7365 0.25554016620498615 0.067 0.07340720221606649
0 0.8525 0.1925207756232687 0.085 0.07479224376731301
0 0.9035 0.23614958448753462 0.053 0.06509695290858726
