0 0.8309748427672956 0.3192488262910798 0.10220125786163523 0.11267605633802817
0 0.52437106918239 0.35563380281690143 0.0959119496855346 0.11032863849765258
0 0.24056603773584906 0.3438967136150235 0.11320754716981132 0.11502347417840376
0 0.04088050314465409 0.13145539906103287 0.07861635220125787 0.07981220657276995
1 0.5275157232704403 0.573943661971831 0.16194968553459121 0.2605633802816901
1 0.28773584905660377 0.5575117370892019 0.22012578616352202 0.2887323943661972
1 0.06210691823899371 0.2640845070422535 0.10220125786163523 0.1619718309859155
1 0.804245283018868 0.5199530516431925 0.13679245283018868 0.2511737089201878
2 0.8419811320754718 0.3884976525821596 0.04874213836477988 0.06807511737089202
2 0.5275157232704403 0.426056338028169 0.07075471698113207 0.07746478873239437
