3 0.4341666666666667 0.7985185185185185 0.045000000000000005 0.10962962962962962
3 0.5266666666666667 0.8214814814814815 0.03166666666666667 0.07555555555555556
3 0.6262500000000001 0.7874074074074073 0.0325 0.0962962962962963
3 0.6483333333333334 0.9525925925925925 0.03166666666666667 0.08296296296296296
3 0.7312500000000001 0.9548148148148148 0.04583333333333334 0.08148148148148147
1 0.8441666666666667 0.3214814814814815 0.165 0.5866666666666667
1 0.7233333333333334 0.4822222222222222 0.15000000000000002 0.45777777777777773
1 0.5316666666666667 0.41333333333333333 0.195 0.41185185185185186
1 0.16458333333333333 0.6251851851851852 0.3175 0.7466666666666666
1 0.4445833333333334 0.21185185185185185 0.05916666666666667 0.06518518518518518
1 0.37875000000000003 0.40074074074074073 0.10083333333333334 0.3244444444444444
1 0.17541666666666667 0.3244444444444444 0.0825 0.1037037037037037
0 0.7170833333333334 0.09925925925925926 0.08750000000000001 0.10666666666666666
0 0.6670833333333334 0.12074074074074073 0.04416666666666667 0.04
0 0.6066666666666667 0.12444444444444444 0.05333333333333334 0.06518518518518518
0 0.5245833333333334 0.056296296296296296 0.08750000000000001 0.09481481481481481
0 0.4554166666666667 0.08444444444444445 0.05916666666666667 0.07407407407407407
0 0.3804166666666667 0.08962962962962963 0.0775 0.0874074074074074
0 0.20750000000000002 0.12222222222222222 0.07500000000000001 0.09333333333333332
2 0.7845833333333334 0.04 0.05583333333333334 0.07111111111111111
2 0.71375 0.2274074074074074 0.060833333333333336 0.1259259259259259
2 0.6720833333333334 0.1985185185185185 0.0425 0.08592592592592592
2 0.6041666666666667 0.17407407407407408 0.030000000000000002 0.04296296296296296
2 0.535 0.17407407407407408 0.055 0.08444444444444445
2 0.4679166666666667 0.1511111111111111 0.04416666666666667 0.05333333333333333
2 0.37583333333333335 0.17037037037037037 0.05 0.06518518518518518
2 0.30250000000000005 0.25407407407407406 0.08333333333333334 0.12296296296296295
2 0.20083333333333334 0.23037037037037036 0.04666666666666667 0.07851851851851852
2 0.17666666666666667 0.20888888888888887 0.03333333333333333 0.05333333333333333
