2 0.3192857142857143 0.350253807106599 0.11 0.20304568527918782
2 0.4542857142857143 0.549492385786802 0.09428571428571429 0.1649746192893401
2 0.5521428571428572 0.6459390862944162 0.07285714285714286 0.10406091370558375
2 0.5785714285714286 0.4860406091370558 0.06571428571428571 0.10406091370558375
2 0.6092857142857143 0.5177664974619289 0.03571428571428571 0.09644670050761421
2 0.6428571428571429 0.5799492385786802 0.054285714285714284 0.09390862944162436
0 0.6457142857142857 0.4809644670050761 0.06571428571428571 0.07360406091370558
0 0.6192857142857143 0.4149746192893401 0.03571428571428571 0.08883248730964466
0 0.5735714285714286 0.36040609137055835 0.09571428571428571 0.10659898477157359
0 0.44642857142857145 0.3769035532994924 0.13857142857142857 0.149746192893401
0 0.29642857142857143 0.13071065989847716 0.20714285714285716 0.22081218274111675
1 0.6614285714285715 0.7791878172588832 0.09142857142857143 0.3299492385786802
1 0.5857142857142857 0.8413705583756345 0.12571428571428572 0.28680203045685276
1 0.4642857142857143 0.7893401015228426 0.17714285714285713 0.36040609137055835
