3 0.9483695652173912 0.07818181818181819 0.10326086956521739 0.09090909090909091
3 0.9456521739130435 0.18727272727272729 0.09782608695652173 0.09818181818181818
3 0.9266304347826086 0.3090909090909091 0.09239130434782608 0.08727272727272728
3 0.9782608695652174 0.35454545454545455 0.0 0.0036363636363636364
3 0.9483695652173912 0.44363636363636366 0.11413043478260869 0.11636363636363636
3 0.9429347826086957 0.5581818181818182 0.11413043478260869 0.07636363636363637
3 0.8097826086956521 0.07818181818181819 0.13043478260869565 0.10545454545454545
3 0.7907608695652174 0.18181818181818182 0.125 0.09454545454545454
3 0.8288043478260869 0.30363636363636365 0.09239130434782608 0.11272727272727273
3 0.8206521739130435 0.41818181818181815 0.09782608695652173 0.11636363636363636
0 0.6005434782608695 0.09272727272727273 0.20108695652173914 0.09818181818181818
3 0.6440217391304348 0.889090909090909 0.1467391304347826 0.12727272727272726
3 0.375 0.9072727272727272 0.22826086956521738 0.10545454545454545
1 0.6114130434782609 0.3690909090909091 0.375 0.3381818181818182
1 0.33152173913043476 0.12363636363636364 0.30434782608695654 0.24
1 0.14402173913043478 0.3054545454545455 0.23369565217391303 0.5890909090909091
