3 0.7568359375 0.8841642228739003 0.056640625 0.08504398826979472
3 0.69921875 0.841642228739003 0.05078125 0.093841642228739
3 0.509765625 0.8225806451612904 0.05078125 0.0967741935483871
3 0.45703125 0.8665689149560117 0.06640625 0.06744868035190615
3 0.265625 0.8240469208211144 0.046875 0.09970674486803519
3 0.205078125 0.8768328445747801 0.06640625 0.08211143695014662
0 0.7294921875 0.20967741935483872 0.091796875 0.10263929618768329
0 0.45703125 0.1774193548387097 0.1015625 0.10263929618768329
0 0.197265625 0.24193548387096775 0.109375 0.10263929618768329
1 0.7353515625 0.46774193548387094 0.158203125 0.33724340175953077
1 0.474609375 0.4310850439882698 0.1328125 0.35777126099706746
1 0.224609375 0.48240469208211145 0.18359375 0.2903225806451613
