0 0.6642857142857144 0.33177083333333335 0.17755102040816328 0.05520833333333333
0 0.4744897959183674 0.33177083333333335 0.19387755102040818 0.06145833333333333
0 0.2642857142857143 0.33489583333333334 0.16122448979591839 0.059375
0 0.17551020408163268 0.3697916666666667 0.0653061224489796 0.029166666666666667
0 0.10204081632653061 0.4947916666666667 0.06938775510204082 0.0375
1 0.6948979591836736 0.5213541666666667 0.24285714285714288 0.221875
1 0.09081632653061225 0.41041666666666665 0.07959183673469389 0.07708333333333334
1 0.15918367346938778 0.4401041666666667 0.12244897959183675 0.08645833333333333
3 0.7989795918367347 0.8369791666666666 0.09183673469387756 0.08229166666666667
3 0.7173469387755103 0.825 0.09183673469387756 0.08125
3 0.07653061224489796 0.53125 0.04693877551020409 0.03125
3 0.10816326530612246 0.5515625 0.04081632653061225 0.028125
