1 0.838076923076923 0.41841004184100417 0.18692307692307691 0.2949790794979079
1 0.6784615384615384 0.40899581589958156 0.11076923076923077 0.2405857740585774
1 0.5288461538461539 0.3514644351464435 0.14384615384615385 0.2238493723849372
0 0.8023076923076923 0.22751046025104602 0.08615384615384615 0.1098326359832636
0 0.6661538461538462 0.20920502092050208 0.08153846153846153 0.07740585774058577
0 0.5315384615384615 0.17573221757322174 0.07076923076923076 0.07740585774058577
3 0.8423076923076923 0.858786610878661 0.06 0.07322175732217573
3 0.7757692307692308 0.778765690376569 0.0823076923076923 0.06171548117154811
3 0.693076923076923 0.7484309623430961 0.04153846153846154 0.06589958158995815
3 0.6326923076923077 0.7217573221757322 0.05307692307692308 0.05857740585774058
3 0.5553846153846154 0.6856694560669455 0.06615384615384616 0.07426778242677824
3 0.4946153846153846 0.6992677824267782 0.038461538461538464 0.07635983263598325
