0 0.9308333333333334 0.1524547803617571 0.09166666666666667 0.103359173126615
0 0.8016666666666667 0.165374677002584 0.08333333333333334 0.08785529715762275
0 0.6858333333333334 0.144702842377261 0.09166666666666667 0.082687338501292
0 0.6033333333333334 0.20284237726098192 0.08333333333333334 0.09560723514211887
0 0.49750000000000005 0.1937984496124031 0.08166666666666667 0.103359173126615
0 0.385 0.18217054263565893 0.08 0.09560723514211887
0 0.305 0.15503875968992248 0.09333333333333334 0.09819121447028424
0 0.2025 0.11886304909560724 0.08833333333333333 0.09819121447028424
0 0.09666666666666668 0.15891472868217055 0.07666666666666667 0.09043927648578812
1 0.9316666666666668 0.40826873385012924 0.10666666666666667 0.27906976744186046
1 0.8108333333333334 0.4095607235142119 0.10833333333333334 0.2971576227390181
1 0.7050000000000001 0.3888888888888889 0.1 0.2661498708010336
1 0.6141666666666667 0.4418604651162791 0.115 0.2842377260981912
1 0.48250000000000004 0.6085271317829457 0.11166666666666668 0.6537467700258398
1 0.38583333333333336 0.42506459948320413 0.115 0.32299741602067183
1 0.28500000000000003 0.40310077519379844 0.10666666666666667 0.3359173126614987
1 0.18166666666666667 0.36175710594315247 0.11666666666666667 0.3359173126614987
1 0.07250000000000001 0.42506459948320413 0.11833333333333335 0.4005167958656331
3 0.9066666666666667 0.9043927648578812 0.05666666666666667 0.06718346253229975
3 0.9533333333333334 0.9418604651162791 0.07333333333333333 0.06459948320413438
3 0.4666666666666667 0.8875968992248062 0.88 0.028423772609819122
3 0.0675 0.917312661498708 0.11166666666666668 0.09819121447028424
3 0.5925 0.9186046511627908 0.09166666666666667 0.07493540051679587
