2 0.8037109375 0.43576388888888884 0.056640625 0.0798611111111111
2 0.61962890625 0.4548611111111111 0.0302734375 0.048611111111111105
2 0.44287109375 0.4288194444444444 0.0283203125 0.034722222222222224
2 0.28271484375 0.40625 0.0556640625 0.07638888888888888
0 0.80908203125 0.328125 0.1005859375 0.10416666666666666
0 0.62109375 0.4053819444444444 0.046875 0.043402777777777776
0 0.43603515625 0.3880208333333333 0.0341796875 0.03645833333333333
0 0.2763671875 0.3098958333333333 0.078125 0.08506944444444443
3 0.64111328125 0.8585069444444444 0.0361328125 0.08854166666666666
3 0.58740234375 0.8315972222222222 0.0439453125 0.06944444444444445
3 0.48095703125 0.7413194444444444 0.0400390625 0.05555555555555555
3 0.45166015625 0.7534722222222222 0.0439453125 0.06597222222222222
3 0.4189453125 0.9609375 0.04296875 0.078125
