3 0.11416666666666668 0.66625 0.06166666666666667 0.0575
3 0.36500000000000005 0.7000000000000001 0.05666666666666667 0.15
3 0.5525 0.7425 0.11166666666666668 0.075
3 0.6908333333333334 0.65625 0.065 0.0975
3 0.8308333333333334 0.6575 0.09166666666666667 0.07
0 0.8066666666666668 0.14125000000000001 0.10333333333333335 0.08750000000000001
0 0.5283333333333333 0.19625 0.12333333333333334 0.08750000000000001
0 0.09833333333333334 0.17250000000000001 0.09333333333333334 0.09
1 0.7808333333333334 0.3375 0.10500000000000001 0.25
1 0.47500000000000003 0.39375 0.14666666666666667 0.2775
1 0.0675 0.34500000000000003 0.115 0.25
2 0.8258333333333334 0.19375 0.025 0.0575
2 0.5425 0.26625 0.03166666666666667 0.0575
2 0.11583333333333334 0.23375 0.035 0.0525
