1 0.709113100081367 0.453714981729598 0.11798209926769732 0.1912302070645554
1 0.3759153783563873 0.5706455542021924 0.06509357200976404 0.12545676004872106
1 0.2192839707078926 0.39159561510353225 0.15052888527257932 0.27161997563946405
0 0.6863303498779495 0.3105968331303289 0.06916192026037428 0.0730816077953715
0 0.38323840520748575 0.46954933008526184 0.05044751830756713 0.05724725943970767
0 0.2615947925142392 0.2235079171741778 0.1000813669650122 0.09378806333739342
3 0.7188771358828315 0.8934226552984165 0.0838079739625712 0.07429963459196103
3 0.7725793327908869 0.8775883069427527 0.046379170056956874 0.10353227771010962
3 0.42026037428803903 0.8788063337393422 0.05777054515866558 0.04750304506699147
3 0.35679414157851913 0.881851400730816 0.044751830756712775 0.05602923264311815
3 0.2148087876322213 0.9001218026796589 0.13018714401952808 0.09987819732034105
3 0.12408462164361268 0.894640682095006 0.08055329536208299 0.08404384896467722
0 0.13140764849471115 0.6595615103532277 0.03173311635475996 0.040194884287454324
0 0.48942229454841335 0.7521315468940316 0.013832384052074858 0.020706455542021922
0 0.48942229454841335 0.7253349573690621 0.010577705451586655 0.020706455542021922
1 0.11676159479251423 0.7228989037758831 0.03336045565500407 0.07917174177831912
1 0.4910496338486574 0.7783191230207064 0.028478437754271765 0.031668696711327646
