0 0.6214285714285714 0.0853211009174312 0.12571428571428572 0.13027522935779817
0 0.1992857142857143 0.26238532110091745 0.06714285714285714 0.13577981651376148
0 0.375 0.30366972477064225 0.06142857142857143 0.10091743119266056
0 0.43785714285714283 0.3394495412844037 0.05 0.08807339449541285
0 0.5528571428571428 0.28165137614678903 0.05714285714285714 0.07522935779816514
0 0.8257142857142857 0.22018348623853212 0.04857142857142857 0.05504587155963303
3 0.7121428571428572 0.898165137614679 0.17 0.10091743119266056
3 0.8635714285714285 0.7256880733944955 0.09 0.06422018348623854
3 0.5571428571428572 0.7110091743119267 0.07142857142857142 0.03486238532110092
3 0.435 0.7155963302752294 0.055714285714285716 0.047706422018348627
3 0.345 0.7889908256880734 0.09 0.062385321100917435
1 0.7421428571428571 0.26972477064220185 0.1957142857142857 0.3963302752293578
1 0.5585714285714286 0.41284403669724773 0.08857142857142856 0.1944954128440367
1 0.4392857142857143 0.42568807339449544 0.10142857142857142 0.1724770642201835
0 0.44357142857142856 0.27889908256880735 0.055714285714285716 0.05504587155963303
1 0.375 0.43853211009174314 0.05857142857142857 0.20550458715596331
1 0.29 0.43486238532110094 0.12571428571428572 0.26788990825688075
2 0.6657142857142857 0.18256880733944955 0.08285714285714285 0.09724770642201835
2 0.4085714285714286 0.3853211009174312 0.045714285714285714 0.044036697247706424
2 0.3492857142857143 0.3422018348623853 0.041428571428571426 0.07889908256880734
