1 0.29848484848484846 0.42938496583143504 0.12121212121212122 0.26651480637813213
1 0.40984848484848485 0.48747152619589973 0.09848484848484848 0.24601366742596809
1 0.49772727272727274 0.4851936218678815 0.09848484848484848 0.20956719817767652
1 0.6015151515151516 0.5227790432801822 0.11818181818181818 0.20273348519362186
1 0.7151515151515152 0.4738041002277904 0.12121212121212122 0.22323462414578588
0 0.7325757575757575 0.6343963553530751 0.09545454545454546 0.15261958997722094
0 0.6166666666666667 0.662870159453303 0.0696969696969697 0.1366742596810934
0 0.49242424242424243 0.6013667425968109 0.0696969696969697 0.12756264236902048
0 0.40075757575757576 0.6583143507972665 0.06515151515151515 0.14578587699316628
0 0.32651515151515154 0.6195899772209567 0.07424242424242425 0.1594533029612756
3 0.706060606060606 0.9145785876993165 0.05454545454545454 0.0797266514806378
3 0.7242424242424242 0.8963553530751708 0.08787878787878788 0.08428246013667426
3 0.6287878787878788 0.9009111617312072 0.045454545454545456 0.0797266514806378
3 0.5924242424242424 0.8815489749430524 0.03939393939393939 0.07744874715261958
3 0.5234848484848484 0.8826879271070615 0.04393939393939394 0.0979498861047836
3 0.47045454545454546 0.8633257403189065 0.05909090909090909 0.09567198177676538
3 0.3803030303030303 0.9066059225512528 0.06060606060606061 0.08656036446469248
3 0.4166666666666667 0.8997722095671982 0.04242424242424243 0.10478359908883826
3 0.28863636363636364 0.9077448747152619 0.0893939393939394 0.09339407744874714
3 0.2962121212121212 0.878132118451025 0.08636363636363636 0.06150341685649202
