2 0.8641666666666667 0.375 0.03166666666666667 0.04
2 0.9520833333333334 0.3625 0.025833333333333337 0.04
2 0.5595833333333333 0.385 0.03416666666666667 0.055
0 0.9600000000000001 0.325625 0.055 0.05375
0 0.8708333333333333 0.32625 0.055 0.065
0 0.7008333333333334 0.510625 0.05 0.05375
0 0.55625 0.335625 0.07250000000000001 0.07375
1 0.525 0.504375 0.11166666666666668 0.22625
1 0.6779166666666667 0.6275000000000001 0.12083333333333333 0.195
1 0.87875 0.4625 0.09416666666666668 0.19
1 0.9554166666666667 0.446875 0.06583333333333334 0.14375000000000002
3 0.9608333333333334 0.7025 0.05 0.0675
3 0.9591666666666667 0.68 0.060000000000000005 0.04
3 0.9145833333333334 0.70625 0.0325 0.08
3 0.8433333333333334 0.711875 0.055 0.06625
3 0.7212500000000001 0.8093750000000001 0.05416666666666667 0.07875
3 0.5879166666666668 0.8150000000000001 0.050833333333333335 0.0775
3 0.5691666666666667 0.838125 0.07166666666666667 0.08625000000000001
3 0.5141666666666667 0.89375 0.08833333333333333 0.115
