0 0.8910638297872341 0.4525316455696203 0.059574468085106386 0.06455696202531645
0 0.7434042553191489 0.48417721518987344 0.05872340425531915 0.05189873417721519
0 0.6621276595744681 0.5056962025316456 0.05617021276595745 0.07468354430379746
0 0.5765957446808511 0.5253164556962026 0.05021276595744681 0.053164556962025315
0 0.5195744680851064 0.4829113924050633 0.04680851063829787 0.04430379746835443
0 0.4408510638297872 0.4670886075949367 0.04936170212765957 0.053164556962025315
0 0.3770212765957447 0.46962025316455697 0.05617021276595745 0.05569620253164557
0 0.29148936170212764 0.5221518987341772 0.05702127659574468 0.056962025316455694
0 0.2051063829787234 0.4892405063291139 0.059574468085106386 0.06455696202531645
0 0.11148936170212766 0.540506329113924 0.06127659574468085 0.06329113924050633
1 0.8919148936170213 0.6531645569620254 0.13957446808510637 0.2379746835443038
1 0.7519148936170212 0.6525316455696203 0.10468085106382978 0.2088607594936709
1 0.6531914893617021 0.6721518987341772 0.0774468085106383 0.20759493670886076
1 0.5731914893617022 0.6974683544303798 0.0774468085106383 0.20253164556962025
1 0.5187234042553192 0.6392405063291139 0.07063829787234042 0.19746835443037974
1 0.4421276595744681 0.6170886075949367 0.08595744680851064 0.2139240506329114
1 0.3651063829787234 0.6386075949367088 0.08 0.1962025316455696
1 0.28893617021276596 0.7025316455696202 0.07234042553191489 0.2379746835443038
1 0.20212765957446807 0.6544303797468355 0.1097872340425532 0.21772151898734177
1 0.09914893617021277 0.7436708860759493 0.1097872340425532 0.2569620253164557
3 0.7268085106382979 0.969620253164557 0.05276595744680851 0.05063291139240506
3 0.674468085106383 0.9651898734177216 0.03829787234042553 0.06202531645569621
3 0.6370212765957447 0.9531645569620253 0.05021276595744681 0.06835443037974684
3 0.5646808510638298 0.9582278481012658 0.026382978723404255 0.05063291139240506
3 0.5804255319148937 0.9778481012658228 0.03234042553191489 0.04177215189873418
3 0.5251063829787234 0.9348101265822785 0.030638297872340424 0.07468354430379746
3 0.46595744680851064 0.9474683544303798 0.04851063829787234 0.08227848101265824
3 0.4238297872340426 0.9417721518987342 0.030638297872340424 0.06582278481012659
3 0.3472340425531915 0.9094936708860759 0.05106382978723404 0.09240506329113925
3 0.3778723404255319 0.9284810126582279 0.030638297872340424 0.1379746835443038
3 0.22085106382978723 0.9740506329113924 0.04340425531914894 0.05189873417721519
