2 0.7881818181818182 0.40064620355411956 0.03090909090909091 0.051696284329563816
2 0.6068181818181818 0.3150242326332795 0.03363636363636364 0.048465266558966075
2 0.49227272727272725 0.3336025848142165 0.03363636363636364 0.04361873990306947
2 0.24909090909090909 0.40710823909531507 0.034545454545454546 0.048465266558966075
2 0.4781818181818182 0.7560581583198708 0.02727272727272727 0.051696284329563816
0 0.7990909090909091 0.32956381260096934 0.06181818181818182 0.07754442649434573
0 0.6095454545454545 0.24394184168012925 0.057272727272727274 0.07431340872374799
0 0.4918181818181818 0.2641357027463651 0.06181818181818182 0.07269789983844911
0 0.4940909090909091 0.6930533117932149 0.06636363636363636 0.08723747980613894
0 0.2540909090909091 0.3473344103392569 0.05545454545454546 0.07431340872374799
1 0.8331818181818181 0.5250403877221325 0.1190909090909091 0.25848142164781907
1 0.6236363636363637 0.42972536348949925 0.10181818181818182 0.24878836833602586
1 0.5268181818181819 0.43295638126009695 0.11363636363636363 0.22617124394184168
1 0.26454545454545453 0.5516962843295639 0.10363636363636364 0.2568659127625202
1 0.51 0.8756058158319872 0.1 0.21647819063004847
3 0.7581818181818182 0.851373182552504 0.07090909090909091 0.07754442649434573
3 0.5836363636363636 0.7689822294022618 0.038181818181818185 0.07431340872374799
3 0.435 0.5258481421647819 0.05 0.09531502423263329
3 0.27 0.9418416801292407 0.04909090909090909 0.08077544426494346
3 0.23363636363636364 0.9176090468497577 0.06 0.06785137318255251
