0 0.8066666666666668 0.7814814814814814 0.07833333333333334 0.09037037037037036
0 0.5966666666666667 0.38814814814814813 0.07666666666666667 0.09481481481481481
0 0.35750000000000004 0.41777777777777775 0.045000000000000005 0.06814814814814814
0 0.29791666666666666 0.40296296296296297 0.050833333333333335 0.047407407407407405
0 0.155 0.591111111111111 0.04666666666666667 0.07111111111111111
0 0.07083333333333333 0.47185185185185186 0.04666666666666667 0.06666666666666667
1 0.5579166666666667 0.6133333333333333 0.12250000000000001 0.27555555555555555
1 0.36250000000000004 0.5503703703703703 0.05666666666666667 0.15555555555555556
1 0.29541666666666666 0.5488888888888889 0.06416666666666668 0.15259259259259259
1 0.12333333333333334 0.7214814814814814 0.05333333333333334 0.18666666666666665
1 0.06208333333333334 0.6037037037037036 0.0575 0.16148148148148148
1 0.7429166666666667 0.9103703703703703 0.09083333333333334 0.1674074074074074
2 0.8104166666666667 0.8614814814814814 0.0325 0.06962962962962962
2 0.5983333333333334 0.46148148148148144 0.028333333333333335 0.07259259259259258
2 0.34500000000000003 0.4585185185185185 0.018333333333333333 0.045925925925925926
2 0.30541666666666667 0.4511111111111111 0.02416666666666667 0.05481481481481481
2 0.06791666666666667 0.5111111111111111 0.02416666666666667 0.05333333333333333
