0 0.7976562500000001 0.164366373902133 0.1609375 0.1028858218318695
0 0.5476562500000001 0.14052697616060225 0.1609375 0.11543287327478041
0 0.1796875 0.09284818067754078 0.2 0.12045169385194479
1 0.8187500000000001 0.3851944792973651 0.246875 0.24592220828105393
1 0.5375 0.3782936010037641 0.25 0.2647427854454203
1 0.253125 0.3619824341279799 0.253125 0.36511919698870765
2 0.78515625 0.23086574654956082 0.15156250000000002 0.09033877038895859
2 0.5140625 0.22521957340025092 0.153125 0.10163111668757842
2 0.12734375 0.17565872020075282 0.1484375 0.12045169385194479
3 0.9187500000000001 0.8688833124215809 0.12187500000000001 0.10664993726474278
3 0.76171875 0.8613550815558343 0.1390625 0.07151819322459221
3 0.6179687500000001 0.9247176913425345 0.1265625 0.1028858218318695
3 0.53828125 0.8764115432873274 0.1703125 0.07151819322459221
3 0.3671875 0.8789209535759096 0.209375 0.12421580928481805
3 0.14921875 0.9134253450439146 0.2078125 0.12045169385194479
