2 0.864 0.25622406639004147 0.056 0.07261410788381743
2 0.6826666666666666 0.5134854771784232 0.06933333333333333 0.06846473029045644
2 0.35466666666666663 0.25 0.058666666666666666 0.06846473029045644
2 0.13599999999999998 0.43775933609958506 0.04533333333333333 0.06639004149377593
0 0.8673333333333333 0.17219917012448133 0.09466666666666666 0.08713692946058091
0 0.6679999999999999 0.4170124481327801 0.104 0.08713692946058091
0 0.346 0.17323651452282157 0.08666666666666667 0.08506224066390042
0 0.13733333333333334 0.3900414937759336 0.06133333333333333 0.06639004149377593
1 0.8993333333333333 0.37655601659751037 0.15333333333333332 0.23443983402489627
1 0.7253333333333333 0.5850622406639004 0.18666666666666665 0.22406639004149378
1 0.35733333333333334 0.3630705394190871 0.15466666666666667 0.22821576763485477
1 0.132 0.529045643153527 0.10666666666666666 0.15352697095435686
3 0.9353333333333333 0.8485477178423236 0.06266666666666666 0.12863070539419086
3 0.8393333333333333 0.828838174273859 0.076 0.15975103734439833
3 0.762 0.8858921161825726 0.052 0.15767634854771784
3 0.7153333333333333 0.8838174273858921 0.05733333333333333 0.14937759336099585
3 0.3933333333333333 0.8267634854771784 0.05333333333333333 0.14730290456431536
3 0.3486666666666667 0.8402489626556017 0.05733333333333333 0.14937759336099585
3 0.144 0.7147302904564315 0.058666666666666666 0.10580912863070539
