1 0.7021484375 0.5080527086383602 0.107421875 0.2869692532942899
1 0.3759765625 0.49487554904831627 0.119140625 0.2635431918008785
1 0.259765625 0.45900439238653 0.103515625 0.28550512445095166
0 0.6865234375 0.2796486090775988 0.091796875 0.08784773060029283
0 0.61279296875 0.3067349926793558 0.0673828125 0.06881405563689605
0 0.3828125 0.2708638360175696 0.078125 0.09370424597364568
0 0.30322265625 0.2562225475841874 0.0908203125 0.10834553440702782
3 0.7080078125 0.9773060029282578 0.0546875 0.036603221083455345
3 0.60693359375 0.9458272327964861 0.0439453125 0.09956076134699854
3 0.5068359375 0.945095168374817 0.06640625 0.08931185944363104
3 0.4140625 0.9209370424597365 0.078125 0.07613469985358712
3 0.34033203125 0.9531478770131772 0.0556640625 0.08199121522693997
3 0.251953125 0.9685212298682284 0.095703125 0.05124450951683748
