3 0.735640648011782 0.9277777777777778 0.1369661266568483 0.1388888888888889
3 0.5795287187039764 0.9013888888888889 0.11929307805596465 0.17777777777777778
3 0.3078055964653903 0.8701388888888889 0.09425625920471281 0.1625
3 0.21723122238586157 0.9173611111111112 0.11634756995581738 0.1375
1 0.7106038291605302 0.35833333333333334 0.2341678939617084 0.3611111111111111
1 0.3387334315169367 0.32083333333333336 0.2150220913107511 0.3138888888888889
0 0.7164948453608248 0.09861111111111112 0.16936671575846834 0.13333333333333333
0 0.3365243004418262 0.0625 0.1723122238586156 0.09444444444444444
0 0.12739322533136965 0.034722222222222224 0.09572901325478644 0.04722222222222222
1 0.10898379970544919 0.20555555555555557 0.11782032400589101 0.25833333333333336
2 0.7201767304860088 0.18680555555555556 0.09425625920471281 0.059722222222222225
2 0.34241531664212077 0.15694444444444444 0.10751104565537555 0.08888888888888889
