3 0.8085470085470086 0.8921052631578947 0.15726495726495726 0.18947368421052632
3 0.7461538461538462 0.7973684210526316 0.09743589743589744 0.11052631578947368
3 0.10170940170940171 0.6960526315789474 0.1282051282051282 0.15526315789473683
3 0.24017094017094018 0.6960526315789474 0.13846153846153847 0.11842105263157894
3 0.4846153846153846 0.4144736842105263 0.05299145299145299 0.05526315789473684
3 0.3700854700854701 0.4131578947368421 0.046153846153846156 0.06842105263157895
3 0.5666666666666667 0.48815789473684207 0.07008547008547009 0.060526315789473685
0 0.6128205128205129 0.14868421052631578 0.17606837606837608 0.26052631578947366
0 0.4811965811965812 0.13289473684210526 0.08376068376068375 0.12368421052631579
0 0.25555555555555554 0.09342105263157895 0.15555555555555556 0.16578947368421051
