2 0.848404255319149 0.4593908629441624 0.039361702127659576 0.035532994923857864
2 0.47074468085106386 0.3527918781725888 0.05638297872340425 0.06091370558375634
2 0.225531914893617 0.6408629441624365 0.04042553191489362 0.03807106598984771
2 0.14308510638297872 0.10596446700507614 0.03297872340425532 0.024111675126903553
0 0.8537234042553191 0.4098984771573604 0.05425531914893617 0.053299492385786795
0 0.44893617021276594 0.2760152284263959 0.09361702127659574 0.07233502538071065
0 0.22925531914893618 0.5983502538071066 0.05851063829787234 0.04187817258883248
0 0.1425531914893617 0.07931472081218273 0.03404255319148936 0.026649746192893398
1 0.8462765957446808 0.5602791878172588 0.10531914893617021 0.1814720812182741
1 0.46276595744680854 0.5107868020304568 0.1702127659574468 0.2626903553299492
1 0.21914893617021278 0.7303299492385786 0.09361702127659574 0.16624365482233502
1 0.14840425531914894 0.1681472081218274 0.10106382978723405 0.11294416243654821
3 0.8148936170212766 0.8864213197969543 0.03617021276595745 0.07994923857868019
3 0.8601063829787234 0.8375634517766497 0.05 0.053299492385786795
3 0.4196808510638298 0.9467005076142131 0.06914893617021277 0.09644670050761421
3 0.21968085106382979 0.9695431472081217 0.043617021276595745 0.06345177664974619
3 0.17180851063829788 0.9384517766497461 0.06489361702127659 0.04695431472081218
3 0.1797872340425532 0.32550761421319796 0.027659574468085108 0.05710659898477157
3 0.13563829787234044 0.33248730964467005 0.04574468085106383 0.053299492385786795
