2 0.633 0.07571214392803598 0.052000000000000005 0.06146926536731634
2 0.4585 0.3748125937031484 0.053 0.07796101949025487
2 0.321 0.19790104947526235 0.068 0.08395802098950525
1 0.652 0.23238380809595202 0.14200000000000002 0.2638680659670165
1 0.4845 0.5239880059970015 0.127 0.22338830584707645
1 0.291 0.31709145427286356 0.148 0.23238380809595202
0 0.6980000000000001 0.20089955022488756 0.068 0.09895052473763118
0 0.3745 0.7076461769115442 0.10300000000000001 0.13793103448275862
0 0.262 0.5862068965517241 0.094 0.17091454272863568
3 0.742 0.6671664167916042 0.082 0.13193403298350825
3 0.7005 0.7691154422788605 0.14300000000000002 0.15592203898050974
3 0.5975 0.8403298350824587 0.153 0.24737631184407796
3 0.212 0.7293853073463268 0.09 0.13343328335832083
