3 0.9197916666666667 0.9104166666666667 0.14791666666666667 0.13333333333333333
3 0.734375 0.9145833333333333 0.10625 0.15
3 0.4864583333333333 0.8927083333333333 0.13541666666666666 0.14791666666666667
3 0.2708333333333333 0.9104166666666667 0.15 0.1375
2 0.7510416666666666 0.24687499999999998 0.09375 0.07708333333333334
2 0.30833333333333335 0.30833333333333335 0.11666666666666667 0.075
1 0.8145833333333333 0.396875 0.24583333333333332 0.27291666666666664
1 0.378125 0.43124999999999997 0.26875 0.25416666666666665
0 0.7552083333333334 0.171875 0.14791666666666667 0.10625
0 0.30416666666666664 0.23020833333333332 0.1625 0.11875
