0 0.5996732026143791 0.3235294117647059 0.08823529411764706 0.10294117647058823
0 0.8169934640522876 0.3247549019607843 0.06209150326797386 0.061274509803921566
0 0.37663398692810457 0.3321078431372549 0.06372549019607843 0.07107843137254902
0 0.4199346405228758 0.35661764705882354 0.022875816993464054 0.03676470588235294
0 0.6454248366013072 0.3517156862745098 0.022875816993464054 0.056372549019607844
0 0.32516339869281047 0.35784313725490197 0.03594771241830066 0.049019607843137254
0 0.25653594771241833 0.34191176470588236 0.03594771241830066 0.056372549019607844
0 0.1715686274509804 0.35784313725490197 0.029411764705882353 0.029411764705882353
0 0.2058823529411765 0.3602941176470588 0.022875816993464054 0.024509803921568627
0 0.12418300653594772 0.37745098039215685 0.016339869281045753 0.0196078431372549
