1 0.5711111111111111 0.4216666666666667 0.14666666666666667 0.36333333333333334
1 0.43444444444444447 0.39333333333333337 0.11777777777777777 0.2066666666666667
1 0.7133333333333334 0.5083333333333334 0.09333333333333334 0.21000000000000002
3 0.5822222222222222 0.9166666666666667 0.08 0.10666666666666667
3 0.6933333333333334 0.8200000000000001 0.06666666666666667 0.07333333333333333
3 0.3888888888888889 0.75 0.057777777777777775 0.060000000000000005
3 0.4622222222222222 0.7683333333333334 0.04 0.06333333333333334
3 0.5233333333333333 0.8666666666666667 0.07333333333333333 0.08666666666666667
0 0.4477777777777778 0.24500000000000002 0.05555555555555555 0.06333333333333334
0 0.62 0.21666666666666667 0.10666666666666666 0.09333333333333334
0 0.7288888888888889 0.3216666666666667 0.057777777777777775 0.06333333333333334
