1 0.8828125 0.7014492753623188 0.2265625 0.591304347826087
1 0.53759765625 0.6920289855072463 0.1279296875 0.49130434782608695
1 0.41943359375 0.6246376811594203 0.2392578125 0.4985507246376812
0 0.40087890625 0.15579710144927536 0.1630859375 0.1318840579710145
0 0.6064453125 0.21956521739130436 0.14453125 0.1318840579710145
0 0.720703125 0.26231884057971017 0.17578125 0.17101449275362318
0 0.88818359375 0.16376811594202897 0.1884765625 0.17101449275362318
2 0.38818359375 0.32463768115942027 0.0810546875 0.09565217391304348
2 0.59228515625 0.3739130434782609 0.0830078125 0.11304347826086956
2 0.70068359375 0.41231884057971013 0.1064453125 0.1318840579710145
2 0.86083984375 0.3347826086956522 0.0986328125 0.11594202898550725
