0 0.7287066246056783 0.12412177985948478 0.11041009463722397 0.12646370023419204
0 0.556782334384858 0.16159250585480095 0.1198738170347003 0.13114754098360656
0 0.3753943217665615 0.08665105386416862 0.11041009463722397 0.12177985948477751
0 0.22082018927444794 0.06674473067915691 0.10094637223974763 0.10070257611241218
1 0.2137223974763407 0.45784543325526933 0.1971608832807571 0.4426229508196721
1 0.3383280757097792 0.4637002341920375 0.16246056782334384 0.47306791569086654
1 0.5236593059936908 0.5035128805620609 0.19558359621451105 0.48711943793911006
1 0.723186119873817 0.5398126463700235 0.1750788643533123 0.5362997658079626
3 0.9022082018927444 0.7927400468384075 0.10410094637223974 0.2927400468384075
3 0.22476340694006308 0.7646370023419203 0.1056782334384858 0.2224824355971897
