0 0.3134765625 0.14886363636363636 0.1640625 0.1318181818181818
0 0.5107421875 0.2125 0.134765625 0.12727272727272726
0 0.73828125 0.2375 0.13671875 0.11818181818181818
0 0.58837890625 0.041477272727272724 0.1162109375 0.07386363636363635
3 0.20166015625 0.7892045454545454 0.1240234375 0.15568181818181817
3 0.33447265625 0.9522727272727273 0.1865234375 0.09772727272727272
3 0.54150390625 0.946590909090909 0.1162109375 0.10681818181818181
3 0.609375 0.9244318181818182 0.083984375 0.14659090909090908
3 0.96630859375 0.9335227272727272 0.0634765625 0.11931818181818181
1 0.251953125 0.45227272727272727 0.251953125 0.3659090909090909
1 0.5166015625 0.45852272727272725 0.23828125 0.3079545454545454
1 0.79248046875 0.5301136363636363 0.3115234375 0.3715909090909091
