3 0.12916666666666668 0.8178438661710037 0.059722222222222225 0.1003717472118959
3 0.19618055555555555 0.7853159851301115 0.07013888888888889 0.1003717472118959
3 0.3079861111111111 0.8099442379182156 0.04097222222222222 0.07342007434944238
3 0.42847222222222225 0.783457249070632 0.06527777777777778 0.07434944237918215
3 0.4979166666666667 0.7295539033457249 0.0763888888888889 0.061338289962825275
3 0.607638888888889 0.783457249070632 0.0625 0.09293680297397769
3 0.7413194444444444 0.7393122676579925 0.04930555555555556 0.09200743494423791
3 0.8072916666666667 0.8434014869888475 0.050694444444444445 0.062267657992565055
0 0.20034722222222223 0.11291821561338289 0.07569444444444445 0.07156133828996282
0 0.4027777777777778 0.1737918215613383 0.06666666666666667 0.061338289962825275
0 0.5677083333333334 0.13986988847583642 0.07430555555555556 0.07527881040892193
0 0.7645833333333334 0.1491635687732342 0.08611111111111111 0.07527881040892193
1 0.18958333333333335 0.3099442379182156 0.13611111111111113 0.2611524163568773
1 0.3888888888888889 0.37639405204460963 0.1375 0.29182156133828996
1 0.5635416666666667 0.34572490706319703 0.12569444444444444 0.21561338289962825
1 0.7677083333333333 0.3629182156133829 0.15763888888888888 0.24070631970260223
