1 0.1111111111111111 0.4726027397260274 0.20444444444444446 0.4090019569471624
1 0.28 0.3522504892367906 0.17333333333333334 0.25440313111545987
1 0.46111111111111114 0.34637964774951074 0.17555555555555555 0.22309197651663404
3 0.13111111111111112 0.9001956947162426 0.17333333333333334 0.14481409001956946
3 0.2733333333333333 0.7475538160469667 0.07111111111111111 0.050880626223091974
3 0.39444444444444443 0.738747553816047 0.08666666666666667 0.05675146771037182
3 0.48444444444444446 0.8258317025440313 0.1511111111111111 0.07827788649706457
3 0.6511111111111111 0.7318982387475538 0.10222222222222223 0.09393346379647749
3 0.8088888888888889 0.8874755381604696 0.07555555555555556 0.05283757338551859
3 0.8922222222222222 0.9031311154598826 0.11333333333333333 0.05283757338551859
