1 0.228515625 0.5060606060606061 0.109375 0.22424242424242424
1 0.3720703125 0.46060606060606063 0.099609375 0.22424242424242424
1 0.458984375 0.4909090909090909 0.140625 0.23030303030303031
1 0.6220703125 0.4287878787878788 0.142578125 0.24545454545454545
1 0.7919921875 0.40606060606060607 0.130859375 0.21212121212121213
3 0.220703125 0.9378787878787879 0.04296875 0.05757575757575758
3 0.2900390625 0.8909090909090909 0.033203125 0.09090909090909091
3 0.400390625 0.9378787878787879 0.03515625 0.05757575757575758
3 0.4580078125 0.8757575757575757 0.041015625 0.2
3 0.4990234375 0.8833333333333333 0.037109375 0.1787878787878788
3 0.6201171875 0.9424242424242424 0.060546875 0.07272727272727272
3 0.689453125 0.9136363636363637 0.04296875 0.07575757575757576
3 0.7919921875 0.9045454545454545 0.041015625 0.07575757575757576
3 0.859375 0.8924242424242425 0.0546875 0.07575757575757576
0 0.2138671875 0.3090909090909091 0.068359375 0.05454545454545454
0 0.3759765625 0.26212121212121214 0.064453125 0.07575757575757576
0 0.4462890625 0.27424242424242423 0.060546875 0.05757575757575758
0 0.619140625 0.21818181818181817 0.07421875 0.07272727272727272
