2 0.882 0.7918032786885246 0.048 0.06557377049180328
2 0.6695 0.7377049180327869 0.045 0.05245901639344262
2 0.5365 0.9286885245901639 0.047 0.05081967213114754
2 0.38 0.940983606557377 0.17400000000000002 0.1180327868852459
2 0.11850000000000001 0.8139344262295082 0.049 0.08360655737704918
2 0.1325 0.5516393442622951 0.123 0.19508196721311474
2 0.49 0.6 0.24 0.14426229508196722
2 0.86 0.5393442622950819 0.13 0.15737704918032785
2 0.868 0.1418032786885246 0.058 0.08688524590163935
2 0.5650000000000001 0.230327868852459 0.152 0.1721311475409836
2 0.3205 0.2278688524590164 0.093 0.12131147540983607
2 0.4245 0.07622950819672131 0.081 0.08688524590163935
2 0.1165 0.130327868852459 0.055 0.06721311475409836
