1 0.18461538461538463 0.29896907216494845 0.15384615384615385 0.25773195876288657
1 0.38653846153846155 0.37371134020618557 0.13461538461538464 0.29381443298969073
1 0.5634615384615385 0.34536082474226804 0.11923076923076924 0.21649484536082475
1 0.775 0.36082474226804123 0.13461538461538464 0.23711340206185566
0 0.19615384615384618 0.1134020618556701 0.06153846153846154 0.08247422680412371
0 0.4 0.17010309278350516 0.06153846153846154 0.061855670103092786
0 0.5634615384615385 0.13402061855670103 0.07307692307692308 0.07216494845360824
0 0.7711538461538462 0.14948453608247422 0.08846153846153847 0.09278350515463918
3 0.13076923076923078 0.8221649484536082 0.06153846153846154 0.11855670103092783
3 0.19615384615384618 0.788659793814433 0.06923076923076923 0.09278350515463918
3 0.3057692307692308 0.7989690721649484 0.05 0.08247422680412371
3 0.42115384615384616 0.7757731958762887 0.06538461538461539 0.08762886597938144
3 0.5 0.7268041237113402 0.07692307692307693 0.07216494845360824
3 0.6000000000000001 0.7860824742268041 0.06153846153846154 0.10824742268041238
3 0.7480769230769231 0.7474226804123711 0.05 0.12371134020618557
3 0.8076923076923077 0.8247422680412371 0.046153846153846156 0.12371134020618557
