0 0.6426014319809069 0.18680445151033387 0.15632458233890215 0.1573926868044515
0 0.07458233890214798 0.3839427662957075 0.03937947494033413 0.0397456279809221
0 0.48269689737470167 0.7106518282988872 0.06801909307875895 0.0985691573926868
0 0.33651551312649164 0.5437201907790143 0.028639618138424822 0.04769475357710652
1 0.6455847255369929 0.5771065182829889 0.2720763723150358 0.4674085850556439
1 0.08174224343675418 0.45866454689984104 0.07279236276849642 0.1192368839427663
1 0.3693317422434368 0.8044515103338633 0.18496420047732698 0.24165341812400637
1 0.4033412887828162 0.5747217806041336 0.10262529832935562 0.10015898251192369
2 0.6515513126491647 0.31875993640699524 0.07875894988066826 0.07790143084260732
3 0.2732696897374702 0.8879173290937997 0.05250596658711217 0.07472178060413355
3 0.7708830548926014 0.8616852146263911 0.03341288782816229 0.0794912559618442
3 0.42482100238663484 0.6621621621621622 0.05250596658711217 0.033386327503974564
0 0.9886634844868736 0.31081081081081086 0.013126491646778043 0.033386327503974564
1 0.9862768496420048 0.35612082670906203 0.027446300715990454 0.0699523052464229
1 0.9331742243436755 0.35135135135135137 0.014319809069212411 0.012718600953895072
1 0.8639618138424822 0.3553259141494436 0.00954653937947494 0.017488076311605726
