0 0.1988817891373802 0.26139088729016785 0.10063897763578275 0.10071942446043165
0 0.3690095846645367 0.28417266187050355 0.10543130990415335 0.11270983213429256
0 0.5782747603833865 0.19304556354916066 0.09904153354632587 0.11270983213429256
0 0.7539936102236422 0.3081534772182254 0.10223642172523961 0.10311750599520383
2 0.21006389776357826 0.37050359712230213 0.07507987220447285 0.09832134292565947
2 0.3746006389776358 0.39688249400479614 0.0718849840255591 0.08872901678657073
2 0.5926517571884984 0.3237410071942446 0.06389776357827476 0.08633093525179855
2 0.7699680511182109 0.4052757793764988 0.07028753993610223 0.09112709832134291
1 0.21725239616613418 0.6342925659472421 0.2012779552715655 0.42446043165467623
1 0.389776357827476 0.6426858513189448 0.14696485623003194 0.3932853717026379
1 0.5926517571884984 0.5707434052757794 0.2012779552715655 0.37889688249400477
