2 0.7066666666666667 0.3571428571428571 0.060000000000000005 0.07142857142857142
2 0.5766666666666667 0.46428571428571425 0.03333333333333333 0.05952380952380952
2 0.45833333333333337 0.44940476190476186 0.03666666666666667 0.05357142857142857
2 0.30833333333333335 0.4613095238095238 0.030000000000000002 0.07738095238095238
0 0.7116666666666667 0.19642857142857142 0.12333333333333334 0.17857142857142855
0 0.5800000000000001 0.375 0.06666666666666667 0.13095238095238093
0 0.4466666666666667 0.3898809523809524 0.05333333333333334 0.08928571428571427
0 0.29833333333333334 0.3839285714285714 0.05666666666666667 0.08928571428571427
1 0.8033333333333333 0.5565476190476191 0.26 0.625
1 0.6066666666666667 0.5744047619047619 0.12666666666666668 0.31547619047619047
1 0.315 0.5386904761904762 0.12333333333333334 0.19642857142857142
