0 0.68 0.14917541229385306 0.08 0.12743628185907047
0 0.449 0.664167916041979 0.02 0.029985007496251874
0 0.159 0.7376311844077961 0.016 0.0239880059970015
0 0.046 0.7646176911544228 0.01 0.01199400299850075
0 0.0225 0.7766116941529235 0.017 0.014992503748125937
0 0.138 0.7541229385307346 0.012 0.014992503748125937
3 0.7515000000000001 0.924287856071964 0.111 0.06746626686656672
3 0.8375 0.9062968515742129 0.065 0.05847076461769115
1 0.7305 0.3148425787106447 0.133 0.2608695652173913
1 0.4465 0.7113943028485757 0.033 0.07346326836581708
1 0.155 0.7743628185907047 0.022 0.05547226386806597
1 0.075 0.8073463268365817 0.012 0.025487256371814093
1 0.1055 0.7946026986506747 0.027 0.047976011994003
1 0.008 0.793103448275862 0.012 0.029985007496251874
1 0.048 0.7998500749625187 0.018000000000000002 0.04047976011994003
1 0.1915 0.7968515742128935 0.013000000000000001 0.034482758620689655
0 0.192 0.7698650674662668 0.01 0.01649175412293853
0 0.22 0.7578710644677661 0.01 0.013493253373313342
0 0.078 0.7863568215892054 0.008 0.013493253373313342
0 0.059000000000000004 0.7758620689655172 0.01 0.013493253373313342
0 0.0075 0.7578710644677661 0.007 0.013493253373313342
3 0.454 0.8388305847076462 0.02 0.013493253373313342
3 0.4405 0.835832083958021 0.015 0.013493253373313342
