3 0.5432098765432098 0.9419354838709677 0.04938271604938271 0.03870967741935484
3 0.6033950617283951 0.8354838709677419 0.027777777777777776 0.0967741935483871
3 0.7299382716049382 0.7838709677419354 0.027777777777777776 0.0967741935483871
3 0.3117283950617284 0.9096774193548387 0.043209876543209874 0.07741935483870968
3 0.3966049382716049 0.8516129032258064 0.027777777777777776 0.06451612903225806
3 0.4351851851851852 0.8387096774193549 0.030864197530864196 0.05161290322580645
1 0.7530864197530864 0.43548387096774194 0.08024691358024691 0.2645161290322581
1 0.6280864197530864 0.45806451612903226 0.08333333333333333 0.2838709677419355
1 0.4074074074074074 0.42258064516129035 0.08641975308641975 0.22580645161290322
1 0.30246913580246915 0.44193548387096776 0.08641975308641975 0.23870967741935484
1 0.5185185185185185 0.4129032258064516 0.1111111111111111 0.2064516129032258
0 0.7469135802469136 0.23225806451612904 0.037037037037037035 0.06451612903225806
0 0.6466049382716049 0.25483870967741934 0.046296296296296294 0.07096774193548387
0 0.30092592592592593 0.24193548387096775 0.046296296296296294 0.0967741935483871
0 0.40432098765432095 0.24838709677419354 0.030864197530864196 0.07096774193548387
0 0.5216049382716049 0.24516129032258063 0.030864197530864196 0.05161290322580645
0 0.5694444444444444 0.2709677419354839 0.033950617283950615 0.09032258064516129
