0 0.795138888888889 0.11354166666666667 0.14583333333333334 0.16041666666666665
0 0.48888888888888893 0.08854166666666667 0.11666666666666667 0.13958333333333334
0 0.3611111111111111 0.22083333333333333 0.07777777777777778 0.10833333333333334
2 0.8027777777777778 0.2989583333333333 0.075 0.10625
2 0.36388888888888893 0.30104166666666665 0.036111111111111115 0.04375
1 0.775 0.590625 0.3111111111111111 0.6479166666666667
1 0.5458333333333334 0.4302083333333333 0.15555555555555556 0.4145833333333333
1 0.3701388888888889 0.43124999999999997 0.13472222222222222 0.275
3 0.3944444444444445 0.884375 0.03333333333333333 0.07708333333333334
3 0.2916666666666667 0.8427083333333333 0.04166666666666667 0.07291666666666667
