1 0.21475409836065573 0.35051546391752575 0.26557377049180325 0.35051546391752575
1 0.5524590163934426 0.41237113402061853 0.21311475409836064 0.3986254295532646
1 0.819672131147541 0.4020618556701031 0.2360655737704918 0.3230240549828179
0 0.8 0.15120274914089346 0.11147540983606558 0.10309278350515463
0 0.5819672131147541 0.14261168384879724 0.14098360655737704 0.10652920962199312
0 0.24098360655737705 0.07731958762886598 0.12786885245901639 0.0859106529209622
3 0.5606557377049181 0.9089347079037801 0.15081967213114755 0.07903780068728522
3 0.3016393442622951 0.9037800687285223 0.1180327868852459 0.07560137457044673
3 0.20655737704918034 0.9072164948453608 0.05901639344262295 0.054982817869415807
3 0.6196721311475409 0.8419243986254296 0.07868852459016393 0.04810996563573883
