3 0.2636363636363636 0.8278688524590164 0.04727272727272727 0.04918032786885246
3 0.32181818181818184 0.7814207650273224 0.05454545454545454 0.04371584699453552
3 0.6781818181818182 0.6775956284153005 0.025454545454545455 0.04371584699453552
3 0.8381818181818181 0.6721311475409836 0.04 0.03278688524590164
3 0.8909090909090909 0.6857923497267759 0.02909090909090909 0.03825136612021858
3 0.6309090909090909 0.6693989071038251 0.04 0.060109289617486336
3 0.9636363636363636 0.7513661202185792 0.05090909090909091 0.03825136612021858
1 0.2909090909090909 0.3743169398907104 0.12363636363636364 0.2568306010928962
1 0.6745454545454546 0.40710382513661203 0.09090909090909091 0.16939890710382513
1 0.45636363636363636 0.4016393442622951 0.05454545454545454 0.11475409836065574
1 0.06181818181818182 0.40710382513661203 0.07272727272727272 0.1366120218579235
1 0.21454545454545454 0.4098360655737705 0.04363636363636364 0.1092896174863388
1 0.37272727272727274 0.40710382513661203 0.03272727272727273 0.10382513661202186
1 0.8672727272727273 0.4371584699453552 0.08363636363636363 0.14207650273224043
1 0.98 0.4344262295081967 0.04 0.21311475409836064
0 0.3181818181818182 0.2185792349726776 0.05454545454545454 0.08743169398907104
0 0.6727272727272727 0.3005464480874317 0.04363636363636364 0.0546448087431694
0 0.8745454545454545 0.30601092896174864 0.03272727272727273 0.04371584699453552
0 0.9545454545454546 0.3087431693989071 0.04 0.04918032786885246
0 0.06181818181818182 0.319672131147541 0.02909090909090909 0.03825136612021858
0 0.21272727272727274 0.3333333333333333 0.025454545454545455 0.02185792349726776
0 0.6272727272727273 0.3224043715846995 0.025454545454545455 0.04371584699453552
3 0.43454545454545457 0.6065573770491803 0.025454545454545455 0.03278688524590164
3 0.46545454545454545 0.6092896174863388 0.02181818181818182 0.0273224043715847
3 0.5727272727272728 0.5956284153005464 0.01818181818181818 0.02185792349726776
3 0.9327272727272727 0.6502732240437158 0.025454545454545455 0.04371584699453552
3 0.07818181818181819 0.6038251366120219 0.03272727272727273 0.0273224043715847
3 0.02909090909090909 0.6147540983606558 0.02909090909090909 0.0273224043715847
3 0.22727272727272727 0.5901639344262295 0.025454545454545455 0.02185792349726776
3 0.18545454545454546 0.592896174863388 0.014545454545454545 0.03825136612021858
3 0.5509090909090909 0.546448087431694 0.01818181818181818 0.03278688524590164
