0 0.6203125 0.09583333333333333 0.10625000000000001 0.09583333333333333
0 0.81640625 0.221875 0.0765625 0.06041666666666667
0 0.38984375000000004 0.09895833333333333 0.051562500000000004 0.03958333333333333
0 0.15859375 0.026041666666666668 0.0484375 0.04375
0 0.05078125 0.21979166666666666 0.06406250000000001 0.052083333333333336
0 0.06171875 0.022916666666666665 0.051562500000000004 0.03333333333333333
0 0.017968750000000002 0.019791666666666666 0.026562500000000003 0.03125
1 0.65625 0.3375 0.16875 0.3375
1 0.04296875 0.33958333333333335 0.0765625 0.14166666666666666
3 0.74609375 0.8833333333333333 0.06406250000000001 0.1125
3 0.5359375000000001 0.79375 0.0 0.0
3 0.57421875 0.8624999999999999 0.0765625 0.12083333333333333
3 0.4234375 0.5510416666666667 0.040625 0.04791666666666666
3 0.3640625 0.55 0.034375 0.03333333333333333
