1 0.869718309859155 0.4519774011299435 0.11971830985915494 0.2711864406779661
1 0.38204225352112675 0.4463276836158192 0.1091549295774648 0.2598870056497175
1 0.5246478873239436 0.4293785310734463 0.1056338028169014 0.22598870056497175
1 0.7024647887323944 0.4265536723163842 0.12323943661971831 0.23163841807909605
1 0.2183098591549296 0.4519774011299435 0.11267605633802817 0.2711864406779661
0 0.22535211267605634 0.2542372881355932 0.04929577464788733 0.06779661016949153
0 0.38204225352112675 0.2627118644067797 0.0528169014084507 0.07344632768361582
0 0.5211267605633803 0.2514124293785311 0.056338028169014086 0.06214689265536723
0 0.6848591549295775 0.2514124293785311 0.07394366197183098 0.0847457627118644
0 0.8591549295774648 0.2542372881355932 0.04929577464788733 0.0790960451977401
3 0.846830985915493 0.827683615819209 0.03873239436619719 0.05084745762711865
3 0.897887323943662 0.8220338983050848 0.028169014084507043 0.06214689265536723
3 0.670774647887324 0.8220338983050848 0.03873239436619719 0.05084745762711865
3 0.7077464788732395 0.8361581920903954 0.02112676056338028 0.04519774011299435
3 0.5017605633802817 0.8220338983050848 0.03873239436619719 0.03954802259887005
3 0.5580985915492958 0.7853107344632768 0.03169014084507042 0.0790960451977401
3 0.40492957746478875 0.807909604519774 0.028169014084507043 0.05649717514124294
3 0.3609154929577465 0.8220338983050848 0.045774647887323945 0.03954802259887005
3 0.2323943661971831 0.8107344632768362 0.035211267605633804 0.06214689265536723
3 0.1971830985915493 0.7796610169491526 0.035211267605633804 0.06779661016949153
