3 0.46545454545454545 0.8770491803278688 0.03636363636363636 0.10382513661202186
3 0.5145454545454545 0.855191256830601 0.06181818181818182 0.07103825136612021
3 0.58 0.8770491803278688 0.06909090909090909 0.04918032786885246
3 0.6581818181818182 0.8989071038251366 0.03636363636363636 0.060109289617486336
3 0.7254545454545455 0.8989071038251366 0.07636363636363637 0.09289617486338798
3 0.7672727272727272 0.9644808743169399 0.09454545454545454 0.07103825136612021
3 0.8309090909090909 0.9590163934426229 0.03272727272727273 0.07103825136612021
0 0.5145454545454545 0.20765027322404372 0.05454545454545454 0.07650273224043716
0 0.6418181818181818 0.2650273224043716 0.06181818181818182 0.07103825136612021
0 0.7218181818181818 0.2568306010928962 0.06181818181818182 0.07650273224043716
0 0.7818181818181819 0.21584699453551912 0.08 0.07103825136612021
1 0.49818181818181817 0.39344262295081966 0.10909090909090909 0.24043715846994534
1 0.6272727272727273 0.46174863387978143 0.12 0.2677595628415301
1 0.7290909090909091 0.48360655737704916 0.09090909090909091 0.3114754098360656
1 0.8290909090909091 0.45901639344262296 0.13090909090909092 0.32786885245901637
