1 0.11131386861313869 0.5217391304347826 0.18613138686131386 0.41304347826086957
1 0.541970802919708 0.5679347826086957 0.09854014598540145 0.2554347826086956
1 0.7645985401459854 0.532608695652174 0.06934306569343066 0.17391304347826086
0 0.17335766423357662 0.24456521739130435 0.12773722627737225 0.11956521739130435
0 0.5492700729927007 0.40217391304347827 0.05474452554744525 0.05434782608695652
0 0.7718978102189781 0.4157608695652174 0.040145985401459854 0.048913043478260865
0 0.8138686131386861 0.4592391304347826 0.029197080291970802 0.048913043478260865
3 0.6167883211678832 0.8940217391304348 0.058394160583941604 0.059782608695652176
3 0.5310218978102189 0.9402173913043478 0.05474452554744525 0.06521739130434782
3 0.7427007299270073 0.7663043478260869 0.025547445255474453 0.07608695652173914
3 0.8010948905109488 0.7934782608695652 0.040145985401459854 0.03260869565217391
3 0.8978102189781022 0.7092391304347826 0.021897810218978103 0.02717391304347826
3 0.9397810218978102 0.7119565217391304 0.01824817518248175 0.043478260869565216
3 0.8521897810218978 0.7445652173913043 0.025547445255474453 0.03260869565217391
