3 0.5399159663865546 0.9066455696202531 0.04201680672268907 0.05379746835443038
3 0.6260504201680672 0.9018987341772152 0.0546218487394958 0.05063291139240506
3 0.7930672268907563 0.9066455696202531 0.0273109243697479 0.07911392405063292
3 0.828781512605042 0.9018987341772152 0.03571428571428571 0.06962025316455696
3 0.6775210084033613 0.8829113924050632 0.031512605042016806 0.06329113924050633
3 0.7258403361344538 0.8876582278481012 0.031512605042016806 0.060126582278481014
3 0.4831932773109244 0.9541139240506329 0.037815126050420166 0.07278481012658228
3 0.4453781512605042 0.9588607594936709 0.029411764705882353 0.0759493670886076
3 0.3329831932773109 0.9762658227848101 0.05672268907563025 0.05379746835443038
3 0.2710084033613445 0.9810126582278481 0.04201680672268907 0.04430379746835443
1 0.8035714285714285 0.47943037974683544 0.1323529411764706 0.23734177215189872
1 0.6932773109243697 0.4810126582278481 0.1134453781512605 0.25316455696202533
1 0.44012605042016806 0.5126582278481012 0.12815126050420167 0.22784810126582278
1 0.28886554621848737 0.4731012658227848 0.1407563025210084 0.28164556962025317
1 0.13130252100840337 0.5015822784810127 0.16596638655462184 0.31962025316455694
1 0.38235294117647056 0.4129746835443038 0.09243697478991596 0.24367088607594936
