1 0.7000000000000001 0.5697916666666667 0.10555555555555556 0.23124999999999998
1 0.6166666666666667 0.5760416666666667 0.061111111111111116 0.20625
1 0.5291666666666667 0.5520833333333334 0.11111111111111112 0.22916666666666666
1 0.39583333333333337 0.5364583333333334 0.07777777777777778 0.20625
1 0.29930555555555555 0.5604166666666667 0.09305555555555556 0.25
3 0.7381944444444445 0.965625 0.03194444444444445 0.052083333333333336
3 0.6694444444444445 0.9583333333333334 0.05277777777777778 0.05416666666666667
3 0.5951388888888889 0.9302083333333333 0.02638888888888889 0.052083333333333336
3 0.42430555555555555 0.9270833333333334 0.03194444444444445 0.0625
3 0.48680555555555555 0.9239583333333333 0.02638888888888889 0.04791666666666666
3 0.3416666666666667 0.9260416666666667 0.03888888888888889 0.052083333333333336
3 0.2673611111111111 0.9354166666666667 0.03194444444444445 0.05416666666666667
3 0.30208333333333337 0.946875 0.034722222222222224 0.04375
3 0.5104166666666667 0.9520833333333333 0.029166666666666667 0.05
3 0.5493055555555556 0.9489583333333333 0.051388888888888894 0.04791666666666666
3 0.6465277777777778 0.9322916666666666 0.02361111111111111 0.04375
