0 0.7655228758169935 0.05392156862745098 0.08333333333333334 0.09803921568627451
0 0.5776143790849674 0.09191176470588235 0.11274509803921569 0.11029411764705882
0 0.10294117647058824 0.1568627450980392 0.08496732026143791 0.0784313725490196
1 0.11764705882352941 0.42401960784313725 0.14052287581699346 0.31862745098039214
1 0.5514705882352942 0.383578431372549 0.12908496732026145 0.3897058823529412
1 0.625 0.36642156862745096 0.09313725490196079 0.3700980392156863
1 0.7573529411764706 0.28799019607843135 0.15522875816993464 0.321078431372549
1 0.9076797385620915 0.43995098039215685 0.09967320261437909 0.2769607843137255
1 0.9705882352941176 0.4424019607843137 0.05228758169934641 0.26715686274509803
0 0.8978758169934641 0.23529411764705882 0.05065359477124183 0.058823529411764705
0 0.9599673202614379 0.24142156862745098 0.05065359477124183 0.056372549019607844
0 0.32107843137254904 0.44730392156862747 0.04411764705882353 0.08088235294117647
1 0.32107843137254904 0.49142156862745096 0.08006535947712419 0.14950980392156862
3 0.8161764705882353 0.9031862745098039 0.057189542483660136 0.12990196078431374
3 0.684640522875817 0.9019607843137255 0.06209150326797386 0.12745098039215685
3 0.5408496732026143 0.9313725490196079 0.10130718954248366 0.12745098039215685
3 0.04166666666666667 0.8370098039215687 0.05392156862745098 0.0857843137254902
3 0.1323529411764706 0.8419117647058824 0.06862745098039216 0.0661764705882353
3 0.9419934640522876 0.8026960784313726 0.03104575163398693 0.07598039215686274
3 0.6053921568627452 0.9375 0.08006535947712419 0.08088235294117647
3 0.4035947712418301 0.6997549019607843 0.042483660130718956 0.041666666666666664
3 0.3055555555555556 0.6973039215686274 0.026143790849673203 0.03676470588235294
