1 0.11875000000000001 0.615625 0.20694444444444446 0.44375
1 0.3229166666666667 0.5520833333333334 0.1763888888888889 0.39166666666666666
1 0.49444444444444446 0.4666666666666667 0.10833333333333334 0.2833333333333333
1 0.6208333333333333 0.53125 0.14444444444444446 0.4125
1 0.763888888888889 0.4635416666666667 0.11388888888888889 0.26458333333333334
0 0.6326388888888889 0.19375 0.09583333333333334 0.1
0 0.4840277777777778 0.23645833333333333 0.06527777777777778 0.06458333333333333
0 0.3194444444444445 0.21458333333333332 0.1 0.09166666666666666
0 0.12430555555555556 0.24375 0.10138888888888889 0.0875
0 0.5534722222222223 0.278125 0.05416666666666667 0.06875
0 0.7048611111111112 0.23229166666666667 0.05416666666666667 0.07708333333333334
0 0.7736111111111111 0.240625 0.0638888888888889 0.07291666666666667
3 0.47500000000000003 0.8333333333333334 0.03333333333333333 0.05416666666666667
3 0.5465277777777778 0.81875 0.04027777777777778 0.05416666666666667
