3 0.2485294117647059 0.8817567567567568 0.055882352941176466 0.08783783783783784
3 0.31470588235294117 0.8682432432432433 0.03529411764705882 0.07432432432432433
3 0.34705882352941175 0.8682432432432433 0.029411764705882353 0.08783783783783784
3 0.38676470588235295 0.8716216216216217 0.044117647058823525 0.12162162162162163
3 0.4411764705882353 0.8817567567567568 0.041176470588235294 0.11486486486486487
3 0.49411764705882355 0.9155405405405406 0.047058823529411764 0.10135135135135136
3 0.5661764705882353 0.9358108108108109 0.03823529411764706 0.1283783783783784
3 0.6161764705882353 0.9121621621621622 0.020588235294117647 0.10810810810810811
3 0.6470588235294118 0.918918918918919 0.023529411764705882 0.0945945945945946
3 0.6838235294117647 0.8986486486486487 0.032352941176470584 0.0945945945945946
3 0.7338235294117647 0.9054054054054055 0.026470588235294117 0.10810810810810811
1 0.3323529411764706 0.27702702702702703 0.08235294117647059 0.24324324324324326
1 0.6897058823529412 0.37162162162162166 0.08529411764705883 0.22972972972972974
3 0.19558823529411765 0.35472972972972977 0.05 0.11486486486486487
3 0.5455882352941176 0.6148648648648649 0.06764705882352941 0.16216216216216217
3 0.6044117647058823 0.5641891891891893 0.05 0.15540540540540543
3 0.7455882352941177 0.6824324324324325 0.07352941176470588 0.16216216216216217
3 0.3735294117647059 0.597972972972973 0.07058823529411765 0.14189189189189189
3 0.2661764705882353 0.5337837837837838 0.05 0.14864864864864866
0 0.26029411764705884 0.14864864864864866 0.05 0.0945945945945946
0 0.3352941176470588 0.07432432432432433 0.047058823529411764 0.08108108108108109
0 0.4176470588235294 0.057432432432432436 0.047058823529411764 0.060810810810810814
0 0.5073529411764706 0.0472972972972973 0.055882352941176466 0.05405405405405406
0 0.6058823529411764 0.11148648648648649 0.058823529411764705 0.08783783783783784
0 0.6794117647058824 0.15540540540540543 0.047058823529411764 0.0945945945945946
