3 0.8448844884488449 0.9487951807228916 0.066006600660066 0.06626506024096386
3 0.6666666666666666 0.9457831325301206 0.066006600660066 0.03614457831325302
3 0.36633663366336633 0.9457831325301206 0.052805280528052806 0.060240963855421686
3 0.24422442244224424 0.9307228915662651 0.0594059405940594 0.05421686746987952
3 0.4867986798679868 0.8734939759036146 0.0429042904290429 0.060240963855421686
3 0.5874587458745875 0.9578313253012049 0.039603960396039604 0.060240963855421686
3 0.5379537953795379 0.9578313253012049 0.04620462046204621 0.04819277108433735
3 0.3102310231023102 0.9427710843373495 0.033003300330033 0.042168674698795185
3 0.2821782178217822 0.8825301204819278 0.036303630363036306 0.0783132530120482
3 0.6270627062706271 0.8765060240963856 0.026402640264026403 0.06626506024096386
3 0.6633663366336634 0.8795180722891567 0.019801980198019802 0.04819277108433735
3 0.9108910891089109 0.9006024096385543 0.039603960396039604 0.06626506024096386
1 0.9158415841584159 0.569277108433735 0.04950495049504951 0.25903614457831325
