1 0.08974358974358974 0.49382716049382713 0.07051282051282051 0.16049382716049382
1 0.1858974358974359 0.5246913580246914 0.05128205128205128 0.16049382716049382
1 0.24679487179487178 0.5401234567901234 0.05769230769230769 0.19135802469135801
1 0.3108974358974359 0.5401234567901234 0.05769230769230769 0.16666666666666666
1 0.3798076923076923 0.5277777777777778 0.07371794871794872 0.15432098765432098
1 0.4551282051282051 0.5185185185185185 0.05769230769230769 0.18518518518518517
1 0.5352564102564102 0.5092592592592592 0.0641025641025641 0.15432098765432098
1 0.6089743589743589 0.5185185185185185 0.07051282051282051 0.1728395061728395
1 0.6955128205128205 0.5277777777777778 0.07051282051282051 0.16666666666666666
1 0.7740384615384616 0.5061728395061729 0.0673076923076923 0.19753086419753085
1 0.8830128205128205 0.5061728395061729 0.08012820512820512 0.20987654320987653
0 0.09134615384615384 0.37037037037037035 0.035256410256410256 0.07407407407407407
0 0.1891025641025641 0.38580246913580246 0.038461538461538464 0.05555555555555555
0 0.24519230769230768 0.38888888888888884 0.041666666666666664 0.06172839506172839
0 0.3108974358974359 0.4012345679012346 0.03205128205128205 0.04938271604938271
0 0.3733974358974359 0.4074074074074074 0.04807692307692307 0.04938271604938271
0 0.4519230769230769 0.4074074074074074 0.03205128205128205 0.04938271604938271
0 0.49519230769230765 0.33641975308641975 0.028846153846153844 0.05555555555555555
0 0.5352564102564102 0.3672839506172839 0.03205128205128205 0.05555555555555555
0 0.5865384615384616 0.29320987654320985 0.03205128205128205 0.030864197530864196
0 0.7724358974358974 0.35802469135802467 0.03205128205128205 0.04938271604938271
0 0.8894230769230769 0.3919753086419753 0.041666666666666664 0.06790123456790123
0 0.6650641025641025 0.30246913580246915 0.035256410256410256 0.037037037037037035
3 0.07211538461538461 0.8179012345679012 0.028846153846153844 0.05555555555555555
3 0.1266025641025641 0.8117283950617283 0.028846153846153844 0.043209876543209874
3 0.17307692307692307 0.8302469135802468 0.019230769230769232 0.05555555555555555
3 0.22916666666666666 0.8425925925925926 0.035256410256410256 0.08024691358024691
3 0.2724358974358974 0.845679012345679 0.03205128205128205 0.08641975308641975
3 0.2948717948717949 0.8209876543209876 0.03205128205128205 0.06172839506172839
3 0.3317307692307692 0.8333333333333333 0.022435897435897436 0.04938271604938271
3 0.36378205128205127 0.8271604938271604 0.028846153846153844 0.037037037037037035
3 0.4022435897435897 0.8179012345679012 0.035256410256410256 0.043209876543209874
3 0.42467948717948717 0.8302469135802468 0.028846153846153844 0.06790123456790123
3 0.47756410256410253 0.8364197530864197 0.03205128205128205 0.06790123456790123
3 0.5080128205128205 0.8271604938271604 0.022435897435897436 0.06172839506172839
3 0.5528846153846154 0.8209876543209876 0.022435897435897436 0.06172839506172839
3 0.5801282051282051 0.8271604938271604 0.03205128205128205 0.07407407407407407
3 0.6362179487179487 0.8240740740740741 0.022435897435897436 0.08024691358024691
3 0.6714743589743589 0.8333333333333333 0.028846153846153844 0.07407407407407407
3 0.7147435897435898 0.8425925925925926 0.02564102564102564 0.043209876543209874
3 0.7644230769230769 0.8333333333333333 0.022435897435897436 0.07407407407407407
3 0.8028846153846153 0.845679012345679 0.035256410256410256 0.04938271604938271
3 0.8557692307692307 0.845679012345679 0.05769230769230769 0.06172839506172839
3 0.907051282051282 0.8796296296296295 0.038461538461538464 0.043209876543209874
