3 0.26513671875 0.9534450651769087 0.0556640625 0.08193668528864059
3 0.31787109375 0.9273743016759777 0.0634765625 0.0670391061452514
3 0.39990234375 0.9357541899441341 0.0380859375 0.04655493482309125
3 0.42333984375 0.9031657355679702 0.0400390625 0.0595903165735568
3 0.49609375 0.9171322160148976 0.03515625 0.054003724394785846
3 0.55712890625 0.9171322160148976 0.0419921875 0.05772811918063315
3 0.61474609375 0.9031657355679702 0.0537109375 0.037243947858473
3 0.65478515625 0.9217877094972067 0.0322265625 0.048417132216014895
3 0.71484375 0.9106145251396648 0.068359375 0.037243947858473
3 0.79052734375 0.9273743016759777 0.0341796875 0.0595903165735568
0 0.7333984375 0.21787709497206703 0.05078125 0.0782122905027933
0 0.6279296875 0.2206703910614525 0.0625 0.06890130353817504
0 0.525390625 0.20763500931098697 0.056640625 0.07635009310986965
0 0.4033203125 0.22905027932960895 0.052734375 0.074487895716946
0 0.29931640625 0.1750465549348231 0.0615234375 0.0893854748603352
1 0.7529296875 0.43202979515828677 0.103515625 0.2569832402234637
1 0.6396484375 0.4553072625698324 0.08984375 0.26256983240223464
1 0.52294921875 0.43947858472998136 0.0986328125 0.2718808193668529
1 0.4033203125 0.44320297951582865 0.095703125 0.24953445065176907
1 0.28125 0.3994413407821229 0.11328125 0.2774674115456238
