1 0.14921875 0.44742990654205606 0.1046875 0.40887850467289716
1 0.294140625 0.5128504672897196 0.057031250000000006 0.3434579439252336
1 0.35976562500000003 0.4007009345794392 0.09140625000000001 0.3948598130841121
1 0.084375 0.47663551401869153 0.046875 0.35046728971962615
1 0.4 0.397196261682243 0.046875 0.35046728971962615
0 0.353125 0.09345794392523364 0.05625 0.102803738317757
0 0.303515625 0.23130841121495324 0.032031250000000004 0.09345794392523364
0 0.15078125 0.0911214953271028 0.0484375 0.09345794392523364
0 0.11484375000000001 0.19626168224299065 0.05 0.11682242990654204
0 0.182421875 0.17523364485981308 0.030468750000000003 0.06542056074766354
