0 0.13272727272727272 0.10109289617486339 0.15636363636363637 0.14754098360655737
0 0.22181818181818183 0.2540983606557377 0.05818181818181818 0.11475409836065574
0 0.30363636363636365 0.2459016393442623 0.06181818181818182 0.06557377049180328
0 0.42363636363636364 0.22950819672131148 0.06181818181818182 0.06557377049180328
0 0.5709090909090909 0.24863387978142076 0.04363636363636364 0.060109289617486336
0 0.8309090909090909 0.2540983606557377 0.04727272727272727 0.03825136612021858
1 0.9236363636363636 0.39617486338797814 0.08 0.15846994535519127
1 0.5709090909090909 0.39344262295081966 0.08727272727272728 0.16393442622950818
1 0.42363636363636364 0.4016393442622951 0.10545454545454545 0.22404371584699453
1 0.22 0.5327868852459017 0.12 0.3442622950819672
