0 0.11995967741935483 0.08281250000000001 0.21169354838709678 0.146875
0 0.3094758064516129 0.40937500000000004 0.1875 0.23750000000000002
0 0.4637096774193548 0.23593750000000002 0.1774193548387097 0.15937500000000002
0 0.5584677419354839 0.36250000000000004 0.07258064516129031 0.125
0 0.6401209677419355 0.49843750000000003 0.09879032258064516 0.109375
2 0.1461693548387097 0.309375 0.10282258064516128 0.19375
2 0.3588709677419355 0.5546875 0.07258064516129031 0.146875
2 0.49193548387096775 0.40468750000000003 0.07258064516129031 0.140625
2 0.5554435483870968 0.515625 0.06653225806451613 0.13125
2 0.6421370967741935 0.634375 0.05846774193548387 0.11875000000000001
1 0.11995967741935483 0.721875 0.21975806451612903 0.5750000000000001
1 0.3558467741935484 0.821875 0.21169354838709678 0.40625
1 0.5715725806451613 0.7984375 0.09475806451612903 0.40937500000000004
1 0.65625 0.8500000000000001 0.08266129032258064 0.30000000000000004
