0 0.6814988290398126 0.26875 0.10304449648711944 0.2583333333333333
0 0.42096018735363 0.25416666666666665 0.08313817330210772 0.20416666666666666
0 0.43266978922716626 0.42604166666666665 0.06206088992974239 0.12708333333333333
1 0.6832552693208431 0.253125 0.12997658079625293 0.3645833333333333
1 0.810304449648712 0.31354166666666666 0.20140515222482436 0.38125
1 0.24882903981264637 0.4114583333333333 0.2306791569086651 0.4354166666666667
1 0.5210772833723654 0.5458333333333333 0.17330210772833723 0.32916666666666666
3 0.727751756440281 0.88125 0.11358313817330211 0.07916666666666666
3 0.3050351288056206 0.928125 0.09718969555035128 0.08125
3 0.23946135831381732 0.9645833333333333 0.08079625292740047 0.06666666666666667
3 0.822599531615925 0.9552083333333333 0.08782201405152225 0.07708333333333334
