0 0.12109375 0.10508083140877598 0.0890625 0.09468822170900693
0 0.253125 0.12009237875288684 0.08750000000000001 0.09237875288683603
0 0.34218750000000003 0.12933025404157045 0.08125 0.08775981524249422
0 0.4265625 0.11778290993071594 0.07500000000000001 0.08775981524249422
0 0.5171875 0.13856812933025403 0.08125 0.09237875288683603
0 0.6359375 0.11547344110854503 0.084375 0.10623556581986143
0 0.7625000000000001 0.07967667436489607 0.09375 0.11778290993071594
0 0.8718750000000001 0.09815242494226328 0.08125 0.11778290993071594
1 0.10859375 0.35450346420323325 0.1421875 0.28868360277136257
1 0.75703125 0.3648960739030023 0.1921875 0.3648960739030023
1 0.5203125000000001 0.394919168591224 0.15937500000000002 0.3094688221709007
1 0.3484375 0.3972286374133949 0.171875 0.3279445727482679
