0 0.12258064516129032 0.07833333333333334 0.07419354838709677 0.11666666666666667
0 0.2879032258064516 0.13833333333333334 0.07580645161290323 0.13
0 0.3911290322580645 0.15166666666666667 0.08225806451612903 0.12333333333333334
0 0.6040322580645161 0.14666666666666667 0.08225806451612903 0.12666666666666668
0 0.7685483870967742 0.15166666666666667 0.08548387096774193 0.14333333333333334
0 0.9508064516129032 0.15000000000000002 0.06290322580645161 0.12000000000000001
1 0.10564516129032259 0.35000000000000003 0.1403225806451613 0.35333333333333333
1 0.2709677419354839 0.39333333333333337 0.11612903225806452 0.3866666666666667
1 0.4064516129032258 0.38833333333333336 0.13548387096774195 0.33
1 0.5911290322580646 0.3816666666666667 0.1403225806451613 0.33666666666666667
1 0.7661290322580645 0.4033333333333334 0.14193548387096774 0.36000000000000004
1 0.9435483870967742 0.4216666666666667 0.1064516129032258 0.39666666666666667
