3 0.18612157073695534 0.33785450061652283 0.039806347498655185 0.13070283600493218
3 0.2065626681011296 0.3471023427866831 0.03119956966110812 0.13686806411837238
3 0.2530930607853685 0.5363748458692972 0.026358257127487895 0.15536374845869297
3 0.2738031199569661 0.5147965474722564 0.029047875201721352 0.15413070283600494
3 0.36847767616998384 0.5881627620221949 0.06562668101129639 0.13316892725030827
3 0.5328133405056481 0.6060419235511714 0.05110274341043571 0.17385943279901356
3 0.5629370629370629 0.594327990135635 0.04357181280258203 0.18495684340320592
3 0.5941366325981711 0.5635018495684341 0.03711672942442173 0.18495684340320592
3 0.6156535771920387 0.5524044389642417 0.03711672942442173 0.18495684340320592
0 0.26412049488972567 0.14549938347718866 0.0516406670252824 0.07891491985203453
0 0.3353953738569123 0.07213316892725032 0.06293706293706293 0.08754623921085081
0 0.41581495427649273 0.04438964241676942 0.04948897256589564 0.07644882860665844
0 0.5045723507261969 0.03945745992601726 0.05271651425497579 0.06411837237977805
0 0.6032813340505647 0.0998766954377312 0.057557826788596014 0.093711467324291
1 0.328133405056482 0.3205918618988903 0.08606777837547068 0.33045622688039455
