0 0.063125 0.31308411214953275 0.06125 0.08785046728971962
0 0.1475 0.25794392523364484 0.0725 0.0897196261682243
0 0.2325 0.30934579439252335 0.0675 0.07663551401869159
0 0.3025 0.25794392523364484 0.08 0.11962616822429907
0 0.6275000000000001 0.288785046728972 0.12 0.12897196261682242
0 0.90625 0.288785046728972 0.1225 0.16261682242990655
0 0.743125 0.21495327102803738 0.07125000000000001 0.08598130841121496
0 0.758125 0.3018691588785047 0.07875 0.10654205607476636
0 0.51375 0.3299065420560748 0.095 0.12897196261682242
0 0.3775 0.3018691588785047 0.0825 0.12149532710280374
0 0.420625 0.24485981308411217 0.06375 0.07102803738317758
1 0.136875 0.4738317757009346 0.10375000000000001 0.2672897196261682
1 0.27625 0.491588785046729 0.115 0.32897196261682243
1 0.373125 0.5457943925233645 0.15875 0.3514018691588785
1 0.48875 0.6074766355140188 0.1075 0.3962616822429907
1 0.659375 0.5953271028037384 0.20625000000000002 0.4205607476635514
1 0.90625 0.6532710280373832 0.17250000000000001 0.5140186915887851
