0 0.2802197802197802 0.08967391304347826 0.06227106227106227 0.10326086956521739
0 0.6868131868131868 0.10054347826086957 0.047619047619047616 0.059782608695652176
0 0.8223443223443223 0.06521739130434782 0.09157509157509157 0.10869565217391304
0 0.20695970695970695 0.34239130434782605 0.040293040293040296 0.06521739130434782
2 0.8058608058608059 0.15489130434782608 0.05128205128205128 0.059782608695652176
2 0.28205128205128205 0.16032608695652173 0.03663003663003663 0.048913043478260865
1 0.2857142857142857 0.2717391304347826 0.10989010989010989 0.2391304347826087
1 0.684981684981685 0.24728260869565216 0.09523809523809523 0.1902173913043478
1 0.8553113553113553 0.30434782608695654 0.15018315018315018 0.32608695652173914
1 0.1575091575091575 0.3913043478260869 0.08058608058608059 0.10869565217391304
3 0.30952380952380953 0.6521739130434783 0.047619047619047616 0.08695652173913043
3 0.3315018315018315 0.6222826086956521 0.047619047619047616 0.059782608695652176
3 0.7765567765567766 0.7038043478260869 0.05860805860805861 0.09239130434782608
3 0.86996336996337 0.7663043478260869 0.047619047619047616 0.13043478260869565
3 0.6373626373626373 0.46467391304347827 0.021978021978021976 0.07065217391304347
3 0.673992673992674 0.5027173913043478 0.05128205128205128 0.048913043478260865
3 0.489010989010989 0.3179347826086956 0.047619047619047616 0.07065217391304347
1 0.49633699633699635 0.2092391304347826 0.054945054945054944 0.09239130434782608
