0 0.21346153846153848 0.17268041237113402 0.07307692307692308 0.06701030927835051
0 0.35384615384615387 0.20876288659793815 0.08461538461538462 0.06701030927835051
0 0.47692307692307695 0.21391752577319587 0.05384615384615385 0.05670103092783505
0 0.5653846153846154 0.20876288659793815 0.06923076923076923 0.06701030927835051
0 0.5788461538461539 0.29381443298969073 0.07307692307692308 0.07216494845360824
2 0.2153846153846154 0.27835051546391754 0.05384615384615385 0.061855670103092786
2 0.3653846153846154 0.28350515463917525 0.046153846153846156 0.041237113402061855
2 0.4865384615384616 0.2654639175257732 0.04230769230769231 0.04639175257731959
1 0.2076923076923077 0.44072164948453607 0.16923076923076924 0.33505154639175255
1 0.36730769230769234 0.43556701030927836 0.12692307692307692 0.28350515463917525
1 0.47692307692307695 0.3994845360824742 0.1 0.28350515463917525
1 0.6711538461538462 0.5283505154639175 0.20384615384615384 0.3556701030927835
1 0.6942307692307693 0.24742268041237114 0.03461538461538462 0.08247422680412371
1 0.7442307692307693 0.28350515463917525 0.04230769230769231 0.10309278350515463
