3 0.16727272727272727 0.9262295081967213 0.08727272727272728 0.08196721311475409
3 0.3690909090909091 0.9153005464480874 0.06909090909090909 0.08196721311475409
3 0.46 0.9098360655737705 0.06909090909090909 0.08196721311475409
3 0.5981818181818181 0.9180327868852459 0.08363636363636363 0.06557377049180328
3 0.6927272727272727 0.907103825136612 0.09090909090909091 0.09836065573770492
3 0.8781818181818182 0.9098360655737705 0.06909090909090909 0.12568306010928962
0 0.25272727272727274 0.3360655737704918 0.08363636363636363 0.11475409836065574
0 0.4636363636363636 0.6174863387978142 0.09818181818181818 0.09836065573770492
0 0.610909090909091 0.6612021857923497 0.06545454545454546 0.08743169398907104
1 0.26181818181818184 0.5136612021857924 0.16 0.24043715846994534
1 0.48727272727272725 0.4562841530054645 0.16 0.18032786885245902
1 0.7654545454545455 0.5027322404371585 0.15636363636363637 0.22950819672131148
