0 0.7975206611570248 0.20673076923076925 0.08264462809917356 0.08653846153846154
1 0.2644628099173554 0.4278846153846154 0.1487603305785124 0.27884615384615385
1 0.4359504132231405 0.4182692307692308 0.17768595041322316 0.3269230769230769
1 0.609504132231405 0.42307692307692313 0.16115702479338845 0.3269230769230769
1 0.7975206611570248 0.40625 0.1652892561983471 0.2644230769230769
3 0.35330578512396693 0.9350961538461539 0.09504132231404959 0.11057692307692309
3 0.2334710743801653 0.8798076923076924 0.10330578512396695 0.06730769230769232
3 0.5330578512396694 0.9447115384615385 0.09090909090909091 0.11057692307692309
3 0.6714876033057852 0.90625 0.09504132231404959 0.08173076923076923
3 0.7582644628099173 0.9447115384615385 0.07851239669421488 0.09134615384615385
3 0.8305785123966942 0.875 0.09090909090909091 0.07692307692307693
