0 0.19423076923076923 0.10824742268041238 0.07307692307692308 0.07216494845360824
0 0.40384615384615385 0.16237113402061856 0.06923076923076923 0.05670103092783505
0 0.5634615384615385 0.13402061855670103 0.07307692307692308 0.061855670103092786
0 0.7634615384615385 0.15206185567010308 0.07307692307692308 0.08762886597938144
1 0.1903846153846154 0.3015463917525773 0.13461538461538464 0.25257731958762886
1 0.3826923076923077 0.36082474226804123 0.1423076923076923 0.27835051546391754
1 0.5653846153846154 0.3427835051546392 0.13076923076923078 0.2422680412371134
1 0.7711538461538462 0.3324742268041237 0.12692307692307692 0.211340206185567
3 0.12692307692307692 0.8144329896907216 0.06153846153846154 0.12371134020618557
3 0.19230769230769232 0.7860824742268041 0.07692307692307693 0.10824742268041238
3 0.3096153846153846 0.7938144329896907 0.05 0.1134020618556701
3 0.42500000000000004 0.7731958762886598 0.07307692307692308 0.1134020618556701
3 0.49615384615384617 0.7216494845360825 0.07692307692307693 0.08247422680412371
3 0.6000000000000001 0.7783505154639175 0.06923076923076923 0.10309278350515463
3 0.7403846153846154 0.7319587628865979 0.057692307692307696 0.1134020618556701
3 0.8057692307692308 0.8170103092783505 0.057692307692307696 0.13917525773195877
