0 0.43108974358974356 0.10559006211180123 0.05448717948717949 0.08695652173913043
0 0.3205128205128205 0.5403726708074533 0.05769230769230769 0.09937888198757763
0 0.5240384615384616 0.8012422360248447 0.0673076923076923 0.13664596273291924
1 0.20192307692307693 0.43478260869565216 0.1282051282051282 0.2608695652173913
1 0.4423076923076923 0.3074534161490683 0.12179487179487179 0.2795031055900621
1 0.5977564102564102 0.8416149068322981 0.060897435897435896 0.18012422360248445
3 0.17147435897435898 0.8416149068322981 0.060897435897435896 0.08074534161490683
3 0.20352564102564102 0.8602484472049688 0.04807692307692307 0.06832298136645962
3 0.4599358974358974 0.8322981366459626 0.060897435897435896 0.11180124223602483
3 0.4182692307692308 0.8385093167701863 0.04807692307692307 0.07453416149068323
