2 0.315 0.24404761904761904 0.09666666666666668 0.15476190476190477
2 0.44333333333333336 0.3333333333333333 0.08 0.14285714285714285
2 0.5666666666666667 0.4345238095238095 0.07333333333333333 0.11904761904761904
2 0.6533333333333333 0.5476190476190476 0.07333333333333333 0.09523809523809523
2 0.7433333333333334 0.5267857142857143 0.060000000000000005 0.08928571428571427
0 0.3116666666666667 0.08630952380952381 0.1366666666666667 0.1488095238095238
0 0.43500000000000005 0.1875 0.10333333333333335 0.11309523809523808
0 0.5650000000000001 0.30952380952380953 0.09000000000000001 0.10714285714285714
0 0.6466666666666667 0.44940476190476186 0.07333333333333333 0.07738095238095238
0 0.7166666666666667 0.4196428571428571 0.060000000000000005 0.07738095238095238
1 0.3116666666666667 0.6488095238095237 0.23 0.6309523809523809
1 0.465 0.6458333333333333 0.19 0.5297619047619048
1 0.6783333333333333 0.7976190476190476 0.10333333333333335 0.39285714285714285
