3 0.30650154798761614 0.8974358974358974 0.043343653250773995 0.08974358974358974
3 0.39164086687306504 0.8653846153846153 0.04024767801857585 0.08974358974358974
3 0.43343653250773995 0.8365384615384616 0.043343653250773995 0.07051282051282051
3 0.5464396284829721 0.9358974358974359 0.06501547987616099 0.08974358974358974
3 0.6068111455108359 0.842948717948718 0.030959752321981428 0.12179487179487179
3 0.6408668730650156 0.8782051282051282 0.043343653250773995 0.07692307692307693
3 0.7291021671826626 0.7788461538461539 0.03405572755417957 0.12179487179487179
0 0.29876160990712075 0.2564102564102564 0.04024767801857585 0.0641025641025641
0 0.4086687306501548 0.2532051282051282 0.043343653250773995 0.08333333333333333
0 0.5201238390092879 0.2564102564102564 0.04953560371517028 0.0641025641025641
0 0.563467492260062 0.2756410256410256 0.03715170278637771 0.08974358974358974
0 0.6563467492260062 0.266025641025641 0.05572755417956657 0.09615384615384615
0 0.7523219814241486 0.24679487179487178 0.04953560371517028 0.07051282051282051
1 0.30650154798761614 0.4615384615384615 0.0804953560371517 0.2692307692307692
1 0.4164086687306502 0.4647435897435897 0.08359133126934985 0.25
1 0.5371517027863777 0.5064102564102564 0.09597523219814243 0.3333333333333333
1 0.6269349845201239 0.49358974358974356 0.08978328173374614 0.3205128205128205
1 0.7492260061919505 0.4455128205128205 0.0804953560371517 0.2756410256410256
