0 0.24143835616438356 0.16184971098265896 0.05136986301369863 0.057803468208092484
0 0.398972602739726 0.17341040462427745 0.05136986301369863 0.057803468208092484
0 0.4400684931506849 0.1676300578034682 0.04452054794520548 0.057803468208092484
0 0.601027397260274 0.15895953757225434 0.05136986301369863 0.07514450867052022
1 0.2534246575342466 0.4595375722543352 0.10273972602739725 0.21387283236994217
1 0.3904109589041096 0.3179190751445087 0.07534246575342465 0.18497109826589594
1 0.4366438356164383 0.3236994219653179 0.05821917808219178 0.18497109826589594
1 0.601027397260274 0.3468208092485549 0.09931506849315068 0.24277456647398843
3 0.23116438356164382 0.7196531791907514 0.05821917808219178 0.06358381502890173
3 0.3441780821917808 0.6965317919075145 0.030821917808219176 0.06358381502890173
3 0.3886986301369863 0.708092485549133 0.05821917808219178 0.06358381502890173
3 0.43321917808219174 0.6820809248554913 0.05821917808219178 0.06936416184971098
3 0.5496575342465753 0.6907514450867052 0.03767123287671233 0.09826589595375722
3 0.6061643835616438 0.7196531791907514 0.06164383561643835 0.05202312138728323
3 0.6335616438356164 0.6560693641618497 0.0410958904109589 0.09826589595375722
