0 0.339622641509434 0.09433962264150944 0.06289308176100629 0.08805031446540881
0 0.42138364779874216 0.04402515723270441 0.06918238993710692 0.06289308176100629
0 0.5770440251572327 0.05345911949685535 0.0660377358490566 0.06918238993710692
0 0.8301886792452831 0.09748427672955975 0.06918238993710692 0.09433962264150944
0 0.669811320754717 0.050314465408805034 0.05660377358490566 0.10062893081761007
1 0.18867924528301888 0.3364779874213837 0.11949685534591195 0.3584905660377359
1 0.35220125786163525 0.32704402515723274 0.12578616352201258 0.3144654088050315
1 0.43553459119496857 0.27358490566037735 0.09119496855345913 0.3584905660377359
1 0.5770440251572327 0.2578616352201258 0.15408805031446543 0.4025157232704403
1 0.8254716981132076 0.39622641509433965 0.07861635220125787 0.4025157232704403
3 0.12578616352201258 0.9088050314465409 0.05660377358490566 0.06918238993710692
3 0.19025157232704404 0.9088050314465409 0.04716981132075472 0.05660377358490566
3 0.32232704402515727 0.8584905660377359 0.07232704402515723 0.08176100628930819
3 0.38836477987421386 0.8553459119496856 0.05345911949685535 0.07547169811320756
3 0.4339622641509434 0.8553459119496856 0.04402515723270441 0.06289308176100629
3 0.5487421383647799 0.8270440251572327 0.04088050314465409 0.08176100628930819
3 0.6084905660377359 0.8364779874213837 0.0660377358490566 0.06289308176100629
3 0.6855345911949686 0.8050314465408805 0.06289308176100629 0.06289308176100629
3 0.8238993710691824 0.8962264150943396 0.07547169811320756 0.08176100628930819
