0 0.2851985559566787 0.15384615384615385 0.18050541516245489 0.2087912087912088
0 0.5288808664259927 0.40659340659340665 0.1407942238267148 0.14285714285714288
0 0.7653429602888087 0.39560439560439564 0.10830324909747292 0.1098901098901099
0 0.6714801444043321 0.5576923076923077 0.12274368231046932 0.1263736263736264
0 0.8826714801444043 0.521978021978022 0.08303249097472924 0.06593406593406594
0 0.8249097472924188 0.4587912087912088 0.04693140794223827 0.08241758241758243
2 0.3032490974729242 0.35714285714285715 0.12996389891696752 0.17582417582417584
2 0.5433212996389892 0.576923076923077 0.09747292418772563 0.13186813186813187
2 0.6859205776173285 0.6868131868131868 0.07220216606498195 0.09890109890109891
2 0.779783393501805 0.5247252747252747 0.07220216606498195 0.1043956043956044
2 0.8862815884476535 0.6153846153846154 0.06137184115523466 0.07692307692307693
2 0.8303249097472925 0.5521978021978022 0.036101083032490974 0.07142857142857144
1 0.5126353790613719 0.8076923076923077 0.21660649819494585 0.34065934065934067
1 0.7057761732851986 0.8598901098901099 0.1624548736462094 0.25824175824175827
1 0.8826714801444043 0.8296703296703297 0.11913357400722022 0.3186813186813187
