0 0.3527272727272727 0.4016393442622951 0.04363636363636364 0.04918032786885246
0 0.48727272727272725 0.41530054644808745 0.03636363636363636 0.0546448087431694
0 0.30363636363636365 0.46994535519125685 0.04 0.04371584699453552
0 0.6981818181818182 0.40437158469945356 0.03636363636363636 0.0546448087431694
0 0.6345454545454545 0.45901639344262296 0.04727272727272727 0.0546448087431694
0 0.5945454545454546 0.46994535519125685 0.03272727272727273 0.0546448087431694
1 0.3490909090909091 0.5710382513661202 0.08727272727272728 0.21311475409836064
1 0.48363636363636364 0.5737704918032787 0.09454545454545454 0.19672131147540983
1 0.6945454545454546 0.5491803278688525 0.08727272727272728 0.21311475409836064
1 0.6272727272727273 0.5765027322404371 0.05454545454545454 0.1912568306010929
1 0.29454545454545455 0.5956284153005464 0.07272727272727272 0.17486338797814208
1 0.5618181818181818 0.6038251366120219 0.05454545454545454 0.14754098360655737
0 0.5618181818181818 0.5136612021857924 0.04 0.0546448087431694
3 0.30363636363636365 0.7923497267759563 0.025454545454545455 0.0546448087431694
3 0.34363636363636363 0.855191256830601 0.03272727272727273 0.03825136612021858
3 0.38727272727272727 0.8142076502732241 0.025454545454545455 0.04371584699453552
3 0.4727272727272727 0.8442622950819673 0.03636363636363636 0.07103825136612021
3 0.6363636363636364 0.8114754098360656 0.04363636363636364 0.07103825136612021
3 0.5454545454545454 0.7786885245901639 0.04363636363636364 0.060109289617486336
3 0.6909090909090909 0.8415300546448088 0.04363636363636364 0.06557377049180328
