0 0.1939799331103679 0.19345238095238093 0.06020066889632107 0.06547619047619047
0 0.3076923076923077 0.21428571428571427 0.06020066889632107 0.07142857142857142
0 0.2625418060200669 0.28273809523809523 0.07692307692307693 0.07738095238095238
0 0.42474916387959866 0.19345238095238093 0.05351170568561873 0.06547619047619047
0 0.4498327759197324 0.2470238095238095 0.06354515050167224 0.06547619047619047
0 0.5635451505016722 0.2857142857142857 0.05016722408026756 0.08333333333333333
0 0.5919732441471571 0.2113095238095238 0.06020066889632107 0.07738095238095238
0 0.6555183946488294 0.1636904761904762 0.05351170568561873 0.06547619047619047
0 0.7023411371237458 0.2113095238095238 0.05351170568561873 0.07738095238095238
0 0.8043478260869565 0.19345238095238093 0.056856187290969896 0.06547619047619047
2 0.19732441471571907 0.26785714285714285 0.033444816053511704 0.05952380952380952
2 0.2826086956521739 0.375 0.043478260869565216 0.05952380952380952
2 0.32441471571906355 0.28273809523809523 0.033444816053511704 0.05357142857142857
2 0.45819397993311034 0.31547619047619047 0.04013377926421405 0.05952380952380952
2 0.5652173913043478 0.36607142857142855 0.04013377926421405 0.06547619047619047
2 0.6555183946488294 0.23809523809523808 0.026755852842809364 0.07142857142857142
2 0.6989966555183946 0.3005952380952381 0.04013377926421405 0.06547619047619047
2 0.8060200668896321 0.2708333333333333 0.05351170568561873 0.06547619047619047
2 0.6020066889632107 0.26785714285714285 0.033444816053511704 0.05952380952380952
1 0.17725752508361203 0.3988095238095238 0.08695652173913043 0.23809523809523808
1 0.27591973244147155 0.5416666666666666 0.15719063545150502 0.3214285714285714
1 0.45484949832775917 0.47619047619047616 0.11371237458193979 0.26190476190476186
1 0.568561872909699 0.5416666666666666 0.11371237458193979 0.2976190476190476
1 0.7023411371237458 0.47916666666666663 0.11371237458193979 0.27976190476190477
1 0.81438127090301 0.4255952380952381 0.09698996655518395 0.24404761904761904
3 0.11705685618729096 0.8928571428571428 0.06688963210702341 0.17857142857142855
3 0.18896321070234112 0.8988095238095237 0.06354515050167224 0.17857142857142855
3 0.2926421404682274 0.9494047619047619 0.056856187290969896 0.06547619047619047
3 0.34615384615384615 0.9107142857142857 0.07692307692307693 0.07142857142857142
3 0.4297658862876254 0.925595238095238 0.030100334448160536 0.07738095238095238
3 0.4866220735785953 0.925595238095238 0.06354515050167224 0.06547619047619047
3 0.6003344481605352 0.9523809523809523 0.05016722408026756 0.08333333333333333
3 0.5418060200668896 0.9553571428571428 0.05351170568561873 0.06547619047619047
3 0.6822742474916388 0.9077380952380952 0.06020066889632107 0.10119047619047619
3 0.7324414715719063 0.925595238095238 0.06020066889632107 0.10119047619047619
3 0.822742474916388 0.8958333333333333 0.05351170568561873 0.07738095238095238
