0 0.17727272727272728 0.27575757575757576 0.10909090909090909 0.09090909090909091
0 0.6227272727272727 0.2606060606060606 0.09999999999999999 0.09696969696969697
0 0.7659090909090909 0.3 0.11363636363636363 0.10303030303030303
0 0.9204545454545454 0.3090909090909091 0.07727272727272727 0.06060606060606061
1 0.18863636363636363 0.4727272727272727 0.11363636363636363 0.24242424242424243
1 0.6431818181818182 0.45454545454545453 0.12272727272727273 0.24242424242424243
1 0.7795454545454545 0.5242424242424243 0.1318181818181818 0.2727272727272727
1 0.8909090909090909 0.42424242424242425 0.06363636363636363 0.10909090909090909
3 0.17045454545454544 0.9151515151515152 0.05909090909090909 0.09696969696969697
3 0.2409090909090909 0.8212121212121212 0.09090909090909091 0.06666666666666667
3 0.9568181818181818 0.8393939393939394 0.06818181818181818 0.07878787878787878
