2 0.2788888888888889 0.5515625000000001 0.1622222222222222 0.203125
2 0.04555555555555556 0.253125 0.08222222222222222 0.21250000000000002
2 0.44222222222222224 0.3640625 0.15555555555555556 0.209375
2 0.5533333333333333 0.503125 0.08888888888888889 0.125
2 0.6511111111111111 0.6546875000000001 0.12444444444444444 0.146875
0 0.44333333333333336 0.1796875 0.23777777777777778 0.171875
0 0.24222222222222223 0.38906250000000003 0.2577777777777778 0.30312500000000003
0 0.07333333333333333 0.060937500000000006 0.14222222222222222 0.12187500000000001
0 0.5622222222222222 0.340625 0.1288888888888889 0.18125000000000002
0 0.6522222222222223 0.50625 0.14888888888888888 0.13125
1 0.2877777777777778 0.7781250000000001 0.2866666666666667 0.31875000000000003
1 0.5588888888888889 0.7781250000000001 0.13555555555555557 0.38125000000000003
1 0.66 0.8296875 0.17333333333333334 0.22812500000000002
1 0.11 0.6781250000000001 0.19777777777777777 0.50625
