2 0.18181818181818182 0.2534246575342466 0.09090909090909091 0.1232876712328767
1 0.20454545454545453 0.4280821917808219 0.16363636363636364 0.26712328767123283
1 0.45227272727272727 0.3698630136986301 0.15 0.2465753424657534
1 0.609090909090909 0.3287671232876712 0.09999999999999999 0.1643835616438356
1 0.7522727272727272 0.3253424657534246 0.11363636363636363 0.19863013698630136
3 0.21136363636363636 0.934931506849315 0.049999999999999996 0.11643835616438356
3 0.3795454545454545 0.797945205479452 0.05909090909090909 0.10273972602739725
3 0.5363636363636364 0.8184931506849314 0.05454545454545454 0.11643835616438356
3 0.6204545454545454 0.7157534246575342 0.05909090909090909 0.07534246575342465
3 0.5545454545454546 0.6986301369863013 0.00909090909090909 0.0684931506849315
3 0.7386363636363636 0.7294520547945205 0.08636363636363636 0.07534246575342465
