0 0.212890625 0.3106060606060606 0.0859375 0.05757575757575758
0 0.3837890625 0.26515151515151514 0.076171875 0.08181818181818182
0 0.4541015625 0.2772727272727273 0.056640625 0.07575757575757576
0 0.615234375 0.21363636363636362 0.078125 0.07575757575757576
1 0.23046875 0.5166666666666667 0.1328125 0.24545454545454545
1 0.4541015625 0.48333333333333334 0.162109375 0.23333333333333334
1 0.6240234375 0.4393939393939394 0.154296875 0.23636363636363636
1 0.791015625 0.4106060606060606 0.15625 0.23939393939393938
3 0.2197265625 0.9257575757575758 0.052734375 0.09393939393939393
3 0.2841796875 0.8984848484848484 0.052734375 0.08787878787878788
3 0.40625 0.9363636363636364 0.046875 0.07878787878787878
3 0.4599609375 0.8863636363636364 0.052734375 0.19696969696969696
3 0.5009765625 0.8848484848484849 0.052734375 0.19393939393939394
3 0.625 0.9318181818181818 0.0625 0.09393939393939393
3 0.6923828125 0.9075757575757576 0.056640625 0.1
3 0.794921875 0.8924242424242425 0.04296875 0.10606060606060606
3 0.8505859375 0.8787878787878788 0.052734375 0.10303030303030303
