3 0.1326923076923077 0.8195876288659794 0.07307692307692308 0.1134020618556701
3 0.1980769230769231 0.7860824742268041 0.08076923076923077 0.08762886597938144
3 0.31153846153846154 0.8067010309278351 0.06923076923076923 0.10824742268041238
3 0.4288461538461539 0.7835051546391752 0.08076923076923077 0.09278350515463918
3 0.49615384615384617 0.729381443298969 0.06923076923076923 0.07731958762886598
3 0.6057692307692308 0.788659793814433 0.08846153846153847 0.1134020618556701
3 0.8038461538461539 0.8247422680412371 0.06153846153846154 0.12371134020618557
0 0.1980769230769231 0.11855670103092783 0.07307692307692308 0.09278350515463918
0 0.3903846153846154 0.15721649484536082 0.09615384615384616 0.07731958762886598
0 0.5692307692307692 0.14690721649484537 0.07692307692307693 0.0979381443298969
0 0.7653846153846154 0.15721649484536082 0.1 0.08762886597938144
1 0.1826923076923077 0.3170103092783505 0.1576923076923077 0.27319587628865977
1 0.3730769230769231 0.37628865979381443 0.14615384615384616 0.30927835051546393
1 0.5538461538461539 0.35051546391752575 0.12307692307692308 0.23711340206185566
1 0.7692307692307693 0.3582474226804124 0.15384615384615385 0.23195876288659795
