0 0.22890625 0.25 0.060937500000000006 0.07
0 0.3765625 0.26375 0.07187500000000001 0.0725
0 0.5171875 0.2525 0.078125 0.07
0 0.6828125 0.25375000000000003 0.08750000000000001 0.0725
0 0.8562500000000001 0.2575 0.059375000000000004 0.085
1 0.22421875000000002 0.455 0.11093750000000001 0.265
1 0.384375 0.4475 0.1125 0.25
1 0.521875 0.43875000000000003 0.12812500000000002 0.2625
1 0.69453125 0.42875 0.1203125 0.2325
3 0.19765625 0.77375 0.0390625 0.08750000000000001
3 0.2328125 0.81625 0.03125 0.0625
3 0.35781250000000003 0.81125 0.040625 0.0725
3 0.40234375 0.805 0.035937500000000004 0.08
3 0.503125 0.81375 0.040625 0.0775
3 0.55859375 0.7875 0.0421875 0.095
3 0.6742187500000001 0.82875 0.0546875 0.0675
3 0.846875 0.83125 0.05 0.0775
3 0.9015625 0.81625 0.037500000000000006 0.08750000000000001
