0 0.12578125 0.24473067915690866 0.1078125 0.10070257611241218
0 0.32421875 0.22131147540983606 0.1078125 0.1053864168618267
0 0.48828125 0.23536299765807964 0.0671875 0.07259953161592506
0 0.6390625000000001 0.19086651053864168 0.109375 0.12412177985948478
0 0.775 0.2423887587822014 0.065625 0.08196721311475409
0 0.7046875 0.23185011709601874 0.059375000000000004 0.0702576112412178
1 0.11953125 0.6112412177985949 0.2078125 0.4496487119437939
1 0.325 0.5538641686182669 0.2 0.41451990632318503
1 0.5007812500000001 0.4601873536299766 0.1296875 0.2693208430913349
1 0.62265625 0.5234192037470726 0.1640625 0.3911007025761124
3 0.48125 0.8302107728337237 0.043750000000000004 0.06323185011709602
