0 0.2819971870604782 0.09375 0.07172995780590717 0.08333333333333333
0 0.8178621659634318 0.06354166666666666 0.10548523206751055 0.10208333333333333
0 0.6877637130801688 0.09791666666666667 0.05063291139240506 0.0625
0 0.4964838255977497 0.13854166666666667 0.02250351617440225 0.027083333333333334
0 0.029535864978902954 0.190625 0.02812939521800281 0.027083333333333334
1 0.2869198312236287 0.28229166666666666 0.12939521800281295 0.23541666666666666
1 0.6814345991561181 0.25104166666666666 0.08016877637130802 0.21458333333333332
1 0.8783403656821378 0.31145833333333334 0.12517580872011252 0.3104166666666667
1 0.15752461322081576 0.3875 0.06751054852320676 0.11666666666666667
2 0.8157524613220816 0.15729166666666666 0.05907172995780591 0.06458333333333333
2 0.4978902953586498 0.15833333333333333 0.011251758087201125 0.025
2 0.6870604781997187 0.153125 0.04078762306610408 0.035416666666666666
2 0.2890295358649789 0.15208333333333332 0.05485232067510549 0.058333333333333334
3 0.30872011251758086 0.6677083333333333 0.052039381153305204 0.07291666666666667
3 0.3270042194092827 0.621875 0.05485232067510549 0.06458333333333333
3 0.7784810126582279 0.7041666666666666 0.07454289732770746 0.09583333333333333
3 0.8713080168776371 0.7625 0.046413502109704644 0.1375
3 0.650492264416315 0.46979166666666666 0.026722925457102673 0.06041666666666667
3 0.6772151898734178 0.5052083333333334 0.0379746835443038 0.052083333333333336
