3 0.12333333333333334 0.83875 0.05 0.0575
3 0.19166666666666668 0.83875 0.08333333333333334 0.0525
3 0.32666666666666666 0.77625 0.05333333333333334 0.0625
3 0.455 0.87375 0.07333333333333333 0.0675
3 0.8408333333333334 0.875 0.07166666666666667 0.04
3 0.25 0.77 0.03333333333333333 0.06
0 0.27666666666666667 0.3725 0.06666666666666667 0.1
0 0.3408333333333334 0.41125 0.05166666666666667 0.1125
0 0.6191666666666668 0.31125 0.07833333333333334 0.0925
1 0.16833333333333333 0.485 0.13333333333333333 0.29
1 0.4758333333333334 0.52 0.125 0.24
1 0.6475000000000001 0.50625 0.08833333333333333 0.2625
1 0.8500000000000001 0.46375 0.08666666666666667 0.20750000000000002
