1 0.109375 0.3611111111111111 0.134375 0.35555555555555557
1 0.2625 0.3666666666666667 0.115625 0.32222222222222224
1 0.853125 0.3194444444444445 0.146875 0.4
1 0.596875 0.4152777777777778 0.10312500000000001 0.3416666666666667
0 0.9148437500000001 0.2847222222222222 0.051562500000000004 0.13055555555555556
0 0.640625 0.3736111111111111 0.065625 0.13055555555555556
0 0.29921875000000003 0.3597222222222222 0.060937500000000006 0.125
0 0.17421875 0.3541666666666667 0.045312500000000006 0.13055555555555556
3 0.096875 0.9319444444444445 0.05625 0.10277777777777779
3 0.1453125 0.9277777777777778 0.0625 0.1277777777777778
3 0.2828125 0.8347222222222223 0.05625 0.21944444444444444
3 0.56015625 0.8625 0.060937500000000006 0.21944444444444444
2 0.1046875 0.1375 0.053125000000000006 0.08055555555555556
2 0.25234375000000003 0.17222222222222222 0.045312500000000006 0.044444444444444446
2 0.4765625 0.1763888888888889 0.059375000000000004 0.075
2 0.59375 0.19861111111111113 0.043750000000000004 0.058333333333333334
2 0.8617187500000001 0.10416666666666667 0.0703125 0.058333333333333334
3 0.2328125 0.8333333333333334 0.05 0.2111111111111111
3 0.42031250000000003 0.9041666666666667 0.043750000000000004 0.14722222222222223
3 0.48671875000000003 0.951388888888889 0.060937500000000006 0.08055555555555556
