1 0.13578274760383385 0.47721822541966424 0.14696485623003194 0.33093525179856115
1 0.35383386581469645 0.49280575539568344 0.17731629392971246 0.4052757793764988
1 0.8514376996805112 0.41127098321342925 0.16613418530351437 0.3237410071942446
0 0.14217252396166133 0.17026378896882494 0.10223642172523961 0.09112709832134291
0 0.6701277955271565 0.2026378896882494 0.09424920127795527 0.11750599520383692
0 0.8602236421725239 0.08752997601918465 0.097444089456869 0.08872901678657073
2 0.14536741214057508 0.26139088729016785 0.06389776357827476 0.07673860911270983
2 0.36501597444089456 0.26019184652278177 0.07507987220447285 0.08393285371702637
2 0.6677316293929713 0.30455635491606714 0.07987220447284345 0.09112709832134291
2 0.8650159744408945 0.1882494004796163 0.0718849840255591 0.09832134292565947
