2 0.36640625000000004 0.3079625292740047 0.0484375 0.053864168618266976
2 0.8031250000000001 0.3044496487119438 0.084375 0.1451990632318501
0 0.36328125 0.2224824355971897 0.08281250000000001 0.117096018735363
0 0.4859375 0.08782201405152225 0.13125 0.14285714285714285
0 0.796875 0.11826697892271663 0.15625 0.1756440281030445
1 0.36953125000000003 0.43208430913348944 0.13593750000000002 0.2646370023419204
1 0.54140625 0.4309133489461358 0.1078125 0.3981264637002342
1 0.765625 0.5515222482435597 0.265625 0.5550351288056206
3 0.39453125 0.8805620608899297 0.051562500000000004 0.09367681498829039
3 0.29765625 0.8372365339578455 0.051562500000000004 0.1053864168618267
