0 0.12812500000000002 0.09341825902335456 0.240625 0.15711252653927812
0 0.28359375000000003 0.33014861995753714 0.18281250000000002 0.17197452229299362
0 0.453125 0.2016985138004246 0.21875 0.15286624203821655
0 0.6468750000000001 0.43312101910828027 0.096875 0.10615711252653928
1 0.66171875 0.7791932059447982 0.0921875 0.2802547770700637
1 0.5734375 0.7346072186836518 0.09062500000000001 0.33121019108280253
1 0.3640625 0.7399150743099787 0.15625 0.3205944798301486
1 0.1171875 0.6273885350318471 0.209375 0.5201698513800425
2 0.125 0.25477707006369427 0.125 0.18259023354564755
2 0.35859375000000004 0.49575371549893843 0.07968750000000001 0.1464968152866242
2 0.4859375 0.3503184713375796 0.078125 0.14437367303609341
2 0.55625 0.445859872611465 0.0625 0.11464968152866242
2 0.6468750000000001 0.5679405520169851 0.053125000000000006 0.12101910828025478
